time_ms,local_time,packet_type,sequence_no,fragment_idx,total_fragments,packet_size_bytes
53575,2025-10-15_17:36:10.028,ACKF,0,0,-1,34
54872,2025-10-15_17:36:11.326,ACKF,0,1,-1,34
56170,2025-10-15_17:36:12.624,ACKF,0,2,-1,34
57471,2025-10-15_17:36:13.924,ACKF,0,3,-1,34
58771,2025-10-15_17:36:15.224,ACKF,0,4,-1,34
60068,2025-10-15_17:36:16.522,ACKF,0,5,-1,34
61366,2025-10-15_17:36:17.820,ACKF,0,6,-1,34
62664,2025-10-15_17:36:19.118,ACKF,0,7,-1,34
63968,2025-10-15_17:36:20.422,ACKF,0,8,-1,34
65271,2025-10-15_17:36:21.724,ACKF,0,9,-1,34
66610,2025-10-15_17:36:23.104,ACKF,0,10,-1,35
67989,2025-10-15_17:36:24.483,ACKF,0,11,-1,35
69368,2025-10-15_17:36:25.862,ACKF,0,12,-1,35
70752,2025-10-15_17:36:27.247,ACKF,0,13,-1,35
72137,2025-10-15_17:36:28.631,ACKF,0,14,-1,35
73517,2025-10-15_17:36:30.011,ACKF,0,15,-1,35
74896,2025-10-15_17:36:31.390,ACKF,0,16,-1,35
76275,2025-10-15_17:36:32.769,ACKF,0,17,-1,35
77659,2025-10-15_17:36:34.153,ACKF,0,18,-1,35
79044,2025-10-15_17:36:35.538,ACKF,0,19,-1,35
80424,2025-10-15_17:36:36.918,ACKF,0,20,-1,35
81803,2025-10-15_17:36:38.297,ACKF,0,21,-1,35
83182,2025-10-15_17:36:39.676,ACKF,0,22,-1,35
84566,2025-10-15_17:36:41.061,ACKF,0,23,-1,35
85951,2025-10-15_17:36:42.445,ACKF,0,24,-1,35
87331,2025-10-15_17:36:43.825,ACKF,0,25,-1,35
88710,2025-10-15_17:36:45.204,ACKF,0,26,-1,35
90089,2025-10-15_17:36:46.583,ACKF,0,27,-1,35
91473,2025-10-15_17:36:47.968,ACKF,0,28,-1,35
92858,2025-10-15_17:36:49.352,ACKF,0,29,-1,35
94238,2025-10-15_17:36:50.732,ACKF,0,30,-1,35
95617,2025-10-15_17:36:52.111,ACKF,0,31,-1,35
96996,2025-10-15_17:36:53.490,ACKF,0,32,-1,35
98380,2025-10-15_17:36:54.875,ACKF,0,33,-1,35
99765,2025-10-15_17:36:56.259,ACKF,0,34,-1,35
101145,2025-10-15_17:36:57.639,ACKF,0,35,-1,35
102524,2025-10-15_17:36:59.018,ACKF,0,36,-1,35
103903,2025-10-15_17:37:00.397,ACKF,0,37,-1,35
105287,2025-10-15_17:37:01.782,ACKF,0,38,-1,35
106672,2025-10-15_17:37:03.166,ACKF,0,39,-1,35
108052,2025-10-15_17:37:04.546,ACKF,0,40,-1,35
109431,2025-10-15_17:37:05.925,ACKF,0,41,-1,35
110810,2025-10-15_17:37:07.304,ACKF,0,42,-1,35
112194,2025-10-15_17:37:08.689,ACKF,0,43,-1,35
113579,2025-10-15_17:37:10.073,ACKF,0,44,-1,35
114959,2025-10-15_17:37:11.453,ACKF,0,45,-1,35
116338,2025-10-15_17:37:12.832,ACKF,0,46,-1,35
117717,2025-10-15_17:37:14.211,ACKF,0,47,-1,35
119101,2025-10-15_17:37:15.596,ACKF,0,48,-1,35
120486,2025-10-15_17:37:16.980,ACKF,0,49,-1,35
121866,2025-10-15_17:37:18.360,ACKF,0,50,-1,35
123245,2025-10-15_17:37:19.739,ACKF,0,51,-1,35
124624,2025-10-15_17:37:21.118,ACKF,0,52,-1,35
126008,2025-10-15_17:37:22.503,ACKF,0,53,-1,35
127393,2025-10-15_17:37:23.887,ACKF,0,54,-1,35
128773,2025-10-15_17:37:25.267,ACKF,0,55,-1,35
130152,2025-10-15_17:37:26.646,ACKF,0,56,-1,35
131531,2025-10-15_17:37:28.025,ACKF,0,57,-1,35
134800,2025-10-15_17:37:31.295,ACKF,0,58,-1,35
136185,2025-10-15_17:37:32.679,ACKF,0,59,-1,35
137565,2025-10-15_17:37:34.059,ACKF,0,60,-1,35
138944,2025-10-15_17:37:35.438,ACKF,0,61,-1,35
140323,2025-10-15_17:37:36.817,ACKF,0,62,-1,35
141707,2025-10-15_17:37:38.202,ACKF,0,63,-1,35
143092,2025-10-15_17:37:39.586,ACKF,0,64,-1,35
144471,2025-10-15_17:37:40.965,ACKF,0,65,-1,35
145850,2025-10-15_17:37:42.344,ACKF,0,66,-1,35
147229,2025-10-15_17:37:43.723,ACKF,0,67,-1,35
148613,2025-10-15_17:37:45.108,ACKF,0,68,-1,35
149998,2025-10-15_17:37:46.492,ACKF,0,69,-1,35
151377,2025-10-15_17:37:47.871,ACKF,0,70,-1,35
152756,2025-10-15_17:37:49.250,ACKF,0,71,-1,35
154135,2025-10-15_17:37:50.629,ACKF,0,72,-1,35
155519,2025-10-15_17:37:52.014,ACKF,0,73,-1,35
156904,2025-10-15_17:37:53.398,ACKF,0,74,-1,35
158283,2025-10-15_17:37:54.777,ACKF,0,75,-1,35
159662,2025-10-15_17:37:56.156,ACKF,0,76,-1,35
161041,2025-10-15_17:37:57.535,ACKF,0,77,-1,35
162425,2025-10-15_17:37:58.920,ACKF,0,78,-1,35
163810,2025-10-15_17:38:00.304,ACKF,0,79,-1,35
165189,2025-10-15_17:38:01.683,ACKF,0,80,-1,35
166568,2025-10-15_17:38:03.062,ACKF,0,81,-1,35
167947,2025-10-15_17:38:04.441,ACKF,0,82,-1,35
169331,2025-10-15_17:38:05.826,ACKF,0,83,-1,35
170717,2025-10-15_17:38:07.211,ACKF,0,84,-1,35
172096,2025-10-15_17:38:08.590,ACKF,0,85,-1,35
173475,2025-10-15_17:38:09.969,ACKF,0,86,-1,35
174854,2025-10-15_17:38:11.348,ACKF,0,87,-1,35
176238,2025-10-15_17:38:12.733,ACKF,0,88,-1,35
177624,2025-10-15_17:38:14.118,ACKF,0,89,-1,35
179003,2025-10-15_17:38:15.497,ACKF,0,90,-1,35
180382,2025-10-15_17:38:16.876,ACKF,0,91,-1,35
181761,2025-10-15_17:38:18.255,ACKF,0,92,-1,35
183145,2025-10-15_17:38:19.640,ACKF,0,93,-1,35
184531,2025-10-15_17:38:21.025,ACKF,0,94,-1,35
185910,2025-10-15_17:38:22.404,ACKF,0,95,-1,35
187289,2025-10-15_17:38:23.783,ACKF,0,96,-1,35
188668,2025-10-15_17:38:25.162,ACKF,0,97,-1,35
190052,2025-10-15_17:38:26.547,ACKF,0,98,-1,35
191438,2025-10-15_17:38:27.932,ACKF,0,99,-1,35
192817,2025-10-15_17:38:29.311,ACKF,0,100,-1,36
194196,2025-10-15_17:38:30.690,ACKF,0,101,-1,36
195575,2025-10-15_17:38:32.069,ACKF,0,102,-1,36
196959,2025-10-15_17:38:33.454,ACKF,0,103,-1,36
198344,2025-10-15_17:38:34.838,ACKF,0,104,-1,36
199723,2025-10-15_17:38:36.217,ACKF,0,105,-1,36
201102,2025-10-15_17:38:37.596,ACKF,0,106,-1,36
202481,2025-10-15_17:38:38.975,ACKF,0,107,-1,36
203865,2025-10-15_17:38:40.360,ACKF,0,108,-1,36
205251,2025-10-15_17:38:41.745,ACKF,0,109,-1,36
206630,2025-10-15_17:38:43.124,ACKF,0,110,-1,36
208009,2025-10-15_17:38:44.503,ACKF,0,111,-1,36
209388,2025-10-15_17:38:45.882,ACKF,0,112,-1,36
210772,2025-10-15_17:38:47.267,ACKF,0,113,-1,36
212158,2025-10-15_17:38:48.652,ACKF,0,114,-1,36
213537,2025-10-15_17:38:50.031,ACKF,0,115,-1,36
214916,2025-10-15_17:38:51.410,ACKF,0,116,-1,36
216295,2025-10-15_17:38:52.789,ACKF,0,117,-1,36
217679,2025-10-15_17:38:54.174,ACKF,0,118,-1,36
219065,2025-10-15_17:38:55.559,ACKF,0,119,-1,36
220444,2025-10-15_17:38:56.938,ACKF,0,120,-1,36
221823,2025-10-15_17:38:58.317,ACKF,0,121,-1,36
223202,2025-10-15_17:38:59.696,ACKF,0,122,-1,36
224586,2025-10-15_17:39:01.081,ACKF,0,123,-1,36
225972,2025-10-15_17:39:02.466,ACKF,0,124,-1,36
227351,2025-10-15_17:39:03.845,ACKF,0,125,-1,36
228730,2025-10-15_17:39:05.224,ACKF,0,126,-1,36
230109,2025-10-15_17:39:06.603,ACKF,0,127,-1,36
231493,2025-10-15_17:39:07.988,ACKF,0,128,-1,36
232879,2025-10-15_17:39:09.373,ACKF,0,129,-1,36
233969,2025-10-15_17:39:10.464,ACKF,0,130,-1,36
235054,2025-10-15_17:39:11.590,ACK,0,-1,-1,40




293596,2025-10-15_17:40:10.049,ACKF,1,0,-1,34
294892,2025-10-15_17:40:11.346,ACKF,1,1,-1,34
296201,2025-10-15_17:40:12.655,ACKF,1,2,-1,34
297498,2025-10-15_17:40:13.951,ACKF,1,3,-1,34
298794,2025-10-15_17:40:15.248,ACKF,1,4,-1,34
300091,2025-10-15_17:40:16.545,ACKF,1,5,-1,34
301388,2025-10-15_17:40:17.842,ACKF,1,6,-1,34
302697,2025-10-15_17:40:19.151,ACKF,1,7,-1,34
303994,2025-10-15_17:40:20.447,ACKF,1,8,-1,34
305290,2025-10-15_17:40:21.744,ACKF,1,9,-1,34
306629,2025-10-15_17:40:23.123,ACKF,1,10,-1,35
308008,2025-10-15_17:40:24.502,ACKF,1,11,-1,35
309399,2025-10-15_17:40:25.894,ACKF,1,12,-1,35
310778,2025-10-15_17:40:27.272,ACKF,1,13,-1,35
312157,2025-10-15_17:40:28.651,ACKF,1,14,-1,35
313536,2025-10-15_17:40:30.030,ACKF,1,15,-1,35
314915,2025-10-15_17:40:31.409,ACKF,1,16,-1,35
316306,2025-10-15_17:40:32.801,ACKF,1,17,-1,35
317685,2025-10-15_17:40:34.179,ACKF,1,18,-1,35
319064,2025-10-15_17:40:35.558,ACKF,1,19,-1,35
320443,2025-10-15_17:40:36.937,ACKF,1,20,-1,35
321822,2025-10-15_17:40:38.316,ACKF,1,21,-1,35
323213,2025-10-15_17:40:39.708,ACKF,1,22,-1,35
324592,2025-10-15_17:40:41.086,ACKF,1,23,-1,35
325971,2025-10-15_17:40:42.465,ACKF,1,24,-1,35
327350,2025-10-15_17:40:43.844,ACKF,1,25,-1,35
328729,2025-10-15_17:40:45.223,ACKF,1,26,-1,35
330120,2025-10-15_17:40:46.615,ACKF,1,27,-1,35
331499,2025-10-15_17:40:47.993,ACKF,1,28,-1,35
332878,2025-10-15_17:40:49.372,ACKF,1,29,-1,35
334257,2025-10-15_17:40:50.751,ACKF,1,30,-1,35
335636,2025-10-15_17:40:52.130,ACKF,1,31,-1,35
337027,2025-10-15_17:40:53.522,ACKF,1,32,-1,35
338406,2025-10-15_17:40:54.900,ACKF,1,33,-1,35
339785,2025-10-15_17:40:56.279,ACKF,1,34,-1,35
341164,2025-10-15_17:40:57.658,ACKF,1,35,-1,35
342543,2025-10-15_17:40:59.037,ACKF,1,36,-1,35
343934,2025-10-15_17:41:00.429,ACKF,1,37,-1,35
345313,2025-10-15_17:41:01.807,ACKF,1,38,-1,35
346692,2025-10-15_17:41:03.186,ACKF,1,39,-1,35
348071,2025-10-15_17:41:04.565,ACKF,1,40,-1,35
349450,2025-10-15_17:41:05.944,ACKF,1,41,-1,35
350841,2025-10-15_17:41:07.336,ACKF,1,42,-1,35
352220,2025-10-15_17:41:08.714,ACKF,1,43,-1,35
353599,2025-10-15_17:41:10.093,ACKF,1,44,-1,35
354978,2025-10-15_17:41:11.472,ACKF,1,45,-1,35
356357,2025-10-15_17:41:12.851,ACKF,1,46,-1,35
357748,2025-10-15_17:41:14.243,ACKF,1,47,-1,35
359127,2025-10-15_17:41:15.621,ACKF,1,48,-1,35
360506,2025-10-15_17:41:16.000,ACKF,1,49,-1,35
361885,2025-10-15_17:41:18.379,ACKF,1,50,-1,35
363264,2025-10-15_17:41:19.758,ACKF,1,51,-1,35
364654,2025-10-15_17:41:21.149,ACKF,1,52,-1,35
366033,2025-10-15_17:41:22.527,ACKF,1,53,-1,35
367412,2025-10-15_17:41:23.906,ACKF,1,54,-1,35
368791,2025-10-15_17:41:25.285,ACKF,1,55,-1,35
370170,2025-10-15_17:41:26.664,ACKF,1,56,-1,35
371560,2025-10-15_17:41:28.055,ACKF,1,57,-1,35
372939,2025-10-15_17:41:29.433,ACKF,1,58,-1,35
374318,2025-10-15_17:41:30.812,ACKF,1,59,-1,35
375697,2025-10-15_17:41:32.191,ACKF,1,60,-1,35
377076,2025-10-15_17:41:33.570,ACKF,1,61,-1,35
378467,2025-10-15_17:41:34.962,ACKF,1,62,-1,35
379846,2025-10-15_17:41:36.340,ACKF,1,63,-1,35
381225,2025-10-15_17:41:37.719,ACKF,1,64,-1,35
382604,2025-10-15_17:41:39.098,ACKF,1,65,-1,35
383983,2025-10-15_17:41:40.477,ACKF,1,66,-1,35
385374,2025-10-15_17:41:41.869,ACKF,1,67,-1,35
386753,2025-10-15_17:41:43.247,ACKF,1,68,-1,35
388132,2025-10-15_17:41:44.626,ACKF,1,69,-1,35
389511,2025-10-15_17:41:46.005,ACKF,1,70,-1,35
390890,2025-10-15_17:41:47.384,ACKF,1,71,-1,35
392281,2025-10-15_17:41:48.776,ACKF,1,72,-1,35
393660,2025-10-15_17:41:50.154,ACKF,1,73,-1,35
395039,2025-10-15_17:41:51.533,ACKF,1,74,-1,35
396418,2025-10-15_17:41:52.912,ACKF,1,75,-1,35
397797,2025-10-15_17:41:54.291,ACKF,1,76,-1,35
399188,2025-10-15_17:41:55.683,ACKF,1,77,-1,35
400567,2025-10-15_17:41:57.061,ACKF,1,78,-1,35
401946,2025-10-15_17:41:58.440,ACKF,1,79,-1,35
403325,2025-10-15_17:41:59.819,ACKF,1,80,-1,35
404704,2025-10-15_17:42:01.198,ACKF,1,81,-1,35
406095,2025-10-15_17:42:02.590,ACKF,1,82,-1,35
407474,2025-10-15_17:42:03.968,ACKF,1,83,-1,35
408853,2025-10-15_17:42:05.347,ACKF,1,84,-1,35
410232,2025-10-15_17:42:06.726,ACKF,1,85,-1,35
411611,2025-10-15_17:42:08.105,ACKF,1,86,-1,35
413002,2025-10-15_17:42:09.497,ACKF,1,87,-1,35
414381,2025-10-15_17:42:10.875,ACKF,1,88,-1,35
415760,2025-10-15_17:42:12.254,ACKF,1,89,-1,35
417139,2025-10-15_17:42:13.633,ACKF,1,90,-1,35
418518,2025-10-15_17:42:15.012,ACKF,1,91,-1,35
419909,2025-10-15_17:42:16.404,ACKF,1,92,-1,35
421288,2025-10-15_17:42:17.782,ACKF,1,93,-1,35
422667,2025-10-15_17:42:19.161,ACKF,1,94,-1,35
424046,2025-10-15_17:42:20.540,ACKF,1,95,-1,35
425425,2025-10-15_17:42:21.919,ACKF,1,96,-1,35
426816,2025-10-15_17:42:23.311,ACKF,1,97,-1,35
428195,2025-10-15_17:42:24.689,ACKF,1,98,-1,35
429574,2025-10-15_17:42:26.068,ACKF,1,99,-1,35
430954,2025-10-15_17:42:27.448,ACKF,1,100,-1,36
432334,2025-10-15_17:42:28.828,ACKF,1,101,-1,36
433725,2025-10-15_17:42:30.220,ACKF,1,102,-1,36
435105,2025-10-15_17:42:31.599,ACKF,1,103,-1,36
436485,2025-10-15_17:42:32.979,ACKF,1,104,-1,36
437865,2025-10-15_17:42:34.359,ACKF,1,105,-1,36
439245,2025-10-15_17:42:35.739,ACKF,1,106,-1,36
440636,2025-10-15_17:42:37.131,ACKF,1,107,-1,36
442016,2025-10-15_17:42:38.510,ACKF,1,108,-1,36
443396,2025-10-15_17:42:39.890,ACKF,1,109,-1,36
444776,2025-10-15_17:42:41.270,ACKF,1,110,-1,36
446156,2025-10-15_17:42:42.650,ACKF,1,111,-1,36
447547,2025-10-15_17:42:44.042,ACKF,1,112,-1,36
448927,2025-10-15_17:42:45.421,ACKF,1,113,-1,36
450307,2025-10-15_17:42:46.801,ACKF,1,114,-1,36
451687,2025-10-15_17:42:48.181,ACKF,1,115,-1,36
453067,2025-10-15_17:42:49.561,ACKF,1,116,-1,36
454459,2025-10-15_17:42:50.954,ACKF,1,117,-1,36
455839,2025-10-15_17:42:52.333,ACKF,1,118,-1,36
457219,2025-10-15_17:42:53.713,ACKF,1,119,-1,36
458599,2025-10-15_17:42:55.093,ACKF,1,120,-1,36
459979,2025-10-15_17:42:56.473,ACKF,1,121,-1,36
461370,2025-10-15_17:42:57.865,ACKF,1,122,-1,36
462750,2025-10-15_17:42:59.244,ACKF,1,123,-1,36
464130,2025-10-15_17:43:00.624,ACKF,1,124,-1,36
465510,2025-10-15_17:43:02.004,ACKF,1,125,-1,36
466890,2025-10-15_17:43:03.384,ACKF,1,126,-1,36
468282,2025-10-15_17:43:04.777,ACKF,1,127,-1,36
469662,2025-10-15_17:43:06.156,ACKF,1,128,-1,36
471042,2025-10-15_17:43:07.536,ACKF,1,129,-1,36
472132,2025-10-15_17:43:08.627,ACKF,1,130,-1,36
473217,2025-10-15_17:43:09.753,ACK,1,-1,-1,41


489868,2025-10-15_17:43:26.322,ACKF,2,0,-1,34
491171,2025-10-15_17:43:27.625,ACKF,2,1,-1,34
492469,2025-10-15_17:43:28.922,ACKF,2,2,-1,34
493766,2025-10-15_17:43:30.220,ACKF,2,3,-1,34
495064,2025-10-15_17:43:31.518,ACKF,2,4,-1,34
496369,2025-10-15_17:43:32.822,ACKF,2,5,-1,34
497672,2025-10-15_17:43:34.126,ACKF,2,6,-1,34
498970,2025-10-15_17:43:35.423,ACKF,2,7,-1,34
500267,2025-10-15_17:43:36.721,ACKF,2,8,-1,34
501565,2025-10-15_17:43:38.019,ACKF,2,9,-1,34
502910,2025-10-15_17:43:39.404,ACKF,2,10,-1,35
504295,2025-10-15_17:43:40.790,ACKF,2,11,-1,35
505675,2025-10-15_17:43:42.169,ACKF,2,12,-1,35
507054,2025-10-15_17:43:43.548,ACKF,2,13,-1,35
508433,2025-10-15_17:43:44.927,ACKF,2,14,-1,35
509817,2025-10-15_17:43:46.311,ACKF,2,15,-1,35
511202,2025-10-15_17:43:47.697,ACKF,2,16,-1,35
512582,2025-10-15_17:43:49.076,ACKF,2,17,-1,35
513961,2025-10-15_17:43:50.455,ACKF,2,18,-1,35
515340,2025-10-15_17:43:51.834,ACKF,2,19,-1,35
516724,2025-10-15_17:43:53.218,ACKF,2,20,-1,35
518109,2025-10-15_17:43:54.604,ACKF,2,21,-1,35
519984,2025-10-15_17:43:56.478,ACKF,2,21,-1,35
521363,2025-10-15_17:43:57.857,ACKF,2,22,-1,35
522742,2025-10-15_17:43:59.236,ACKF,2,23,-1,35
524121,2025-10-15_17:44:00.615,ACKF,2,24,-1,35
525512,2025-10-15_17:44:02.007,ACKF,2,25,-1,35
526892,2025-10-15_17:44:03.386,ACKF,2,26,-1,35
528271,2025-10-15_17:44:04.765,ACKF,2,27,-1,35
529650,2025-10-15_17:44:06.144,ACKF,2,28,-1,35
531029,2025-10-15_17:44:07.523,ACKF,2,29,-1,35
532419,2025-10-15_17:44:08.914,ACKF,2,30,-1,35
533799,2025-10-15_17:44:10.293,ACKF,2,31,-1,35
535178,2025-10-15_17:44:11.672,ACKF,2,32,-1,35
536557,2025-10-15_17:44:13.051,ACKF,2,33,-1,35
537936,2025-10-15_17:44:14.430,ACKF,2,34,-1,35
539327,2025-10-15_17:44:15.822,ACKF,2,35,-1,35
540707,2025-10-15_17:44:17.201,ACKF,2,36,-1,35
542086,2025-10-15_17:44:18.580,ACKF,2,37,-1,35
543465,2025-10-15_17:44:19.959,ACKF,2,38,-1,35
544844,2025-10-15_17:44:21.338,ACKF,2,39,-1,35
546235,2025-10-15_17:44:22.730,ACKF,2,40,-1,35
548109,2025-10-15_17:44:24.603,ACKF,2,40,-1,35
549488,2025-10-15_17:44:25.982,ACKF,2,41,-1,35
550867,2025-10-15_17:44:27.361,ACKF,2,42,-1,35
552246,2025-10-15_17:44:28.740,ACKF,2,43,-1,35
553630,2025-10-15_17:44:30.125,ACKF,2,44,-1,35
555016,2025-10-15_17:44:31.510,ACKF,2,45,-1,35
556395,2025-10-15_17:44:32.889,ACKF,2,46,-1,35
557774,2025-10-15_17:44:34.268,ACKF,2,47,-1,35
559153,2025-10-15_17:44:35.647,ACKF,2,48,-1,35
560537,2025-10-15_17:44:37.032,ACKF,2,49,-1,35
561923,2025-10-15_17:44:38.417,ACKF,2,50,-1,35
563302,2025-10-15_17:44:39.796,ACKF,2,51,-1,35
564681,2025-10-15_17:44:41.175,ACKF,2,52,-1,35
566060,2025-10-15_17:44:42.554,ACKF,2,53,-1,35
567444,2025-10-15_17:44:43.939,ACKF,2,54,-1,35
568830,2025-10-15_17:44:45.324,ACKF,2,55,-1,35
570209,2025-10-15_17:44:46.703,ACKF,2,56,-1,35
571588,2025-10-15_17:44:48.082,ACKF,2,57,-1,35
572967,2025-10-15_17:44:49.461,ACKF,2,58,-1,35
574351,2025-10-15_17:44:50.846,ACKF,2,59,-1,35
575737,2025-10-15_17:44:52.231,ACKF,2,60,-1,35
577116,2025-10-15_17:44:53.610,ACKF,2,61,-1,35
578495,2025-10-15_17:44:54.989,ACKF,2,62,-1,35
579874,2025-10-15_17:44:56.368,ACKF,2,63,-1,35
581258,2025-10-15_17:44:57.753,ACKF,2,64,-1,35
582644,2025-10-15_17:44:59.138,ACKF,2,65,-1,35
584023,2025-10-15_17:45:00.517,ACKF,2,66,-1,35
585402,2025-10-15_17:45:01.896,ACKF,2,67,-1,35
586781,2025-10-15_17:45:03.275,ACKF,2,68,-1,35
588165,2025-10-15_17:45:04.660,ACKF,2,69,-1,35
589551,2025-10-15_17:45:06.045,ACKF,2,70,-1,35
590930,2025-10-15_17:45:07.424,ACKF,2,71,-1,35
592309,2025-10-15_17:45:08.803,ACKF,2,72,-1,35
593688,2025-10-15_17:45:10.182,ACKF,2,73,-1,35
595072,2025-10-15_17:45:11.567,ACKF,2,74,-1,35
596458,2025-10-15_17:45:12.952,ACKF,2,75,-1,35
597837,2025-10-15_17:45:14.331,ACKF,2,76,-1,35
599216,2025-10-15_17:45:15.710,ACKF,2,77,-1,35
600595,2025-10-15_17:45:17.089,ACKF,2,78,-1,35
601979,2025-10-15_17:45:18.474,ACKF,2,79,-1,35
603365,2025-10-15_17:45:19.859,ACKF,2,80,-1,35
604744,2025-10-15_17:45:21.238,ACKF,2,81,-1,35
606123,2025-10-15_17:45:22.617,ACKF,2,82,-1,35
607502,2025-10-15_17:45:23.996,ACKF,2,83,-1,35
608886,2025-10-15_17:45:25.381,ACKF,2,84,-1,35
610271,2025-10-15_17:45:26.765,ACKF,2,85,-1,35
611650,2025-10-15_17:45:28.144,ACKF,2,86,-1,35
613029,2025-10-15_17:45:29.523,ACKF,2,87,-1,35
614408,2025-10-15_17:45:30.902,ACKF,2,88,-1,35
615792,2025-10-15_17:45:32.287,ACKF,2,89,-1,35
617178,2025-10-15_17:45:33.672,ACKF,2,90,-1,35
618557,2025-10-15_17:45:35.051,ACKF,2,91,-1,35
619936,2025-10-15_17:45:36.430,ACKF,2,92,-1,35
621315,2025-10-15_17:45:37.809,ACKF,2,93,-1,35
622699,2025-10-15_17:45:39.194,ACKF,2,94,-1,35
624085,2025-10-15_17:45:40.579,ACKF,2,95,-1,35
625464,2025-10-15_17:45:41.958,ACKF,2,96,-1,35
626843,2025-10-15_17:45:43.337,ACKF,2,97,-1,35
628222,2025-10-15_17:45:44.716,ACKF,2,98,-1,35
629606,2025-10-15_17:45:46.101,ACKF,2,99,-1,35
630992,2025-10-15_17:45:47.486,ACKF,2,100,-1,36
632371,2025-10-15_17:45:48.865,ACKF,2,101,-1,36
633750,2025-10-15_17:45:50.244,ACKF,2,102,-1,36
635129,2025-10-15_17:45:51.623,ACKF,2,103,-1,36
636513,2025-10-15_17:45:53.008,ACKF,2,104,-1,36
637899,2025-10-15_17:45:54.393,ACKF,2,105,-1,36
639278,2025-10-15_17:45:55.772,ACKF,2,106,-1,36
640657,2025-10-15_17:45:57.151,ACKF,2,107,-1,36
642036,2025-10-15_17:45:58.530,ACKF,2,108,-1,36
643420,2025-10-15_17:45:59.915,ACKF,2,109,-1,36
644806,2025-10-15_17:46:01.300,ACKF,2,110,-1,36
646185,2025-10-15_17:46:02.679,ACKF,2,111,-1,36
647564,2025-10-15_17:46:04.058,ACKF,2,112,-1,36
648943,2025-10-15_17:46:05.437,ACKF,2,113,-1,36
650327,2025-10-15_17:46:06.822,ACKF,2,114,-1,36
651713,2025-10-15_17:46:08.207,ACKF,2,115,-1,36
653092,2025-10-15_17:46:09.586,ACKF,2,116,-1,36
654471,2025-10-15_17:46:10.965,ACKF,2,117,-1,36
655850,2025-10-15_17:46:12.344,ACKF,2,118,-1,36
657234,2025-10-15_17:46:13.729,ACKF,2,119,-1,36
658620,2025-10-15_17:46:15.114,ACKF,2,120,-1,36
659999,2025-10-15_17:46:16.493,ACKF,2,121,-1,36
661378,2025-10-15_17:46:17.872,ACKF,2,122,-1,36
662757,2025-10-15_17:46:19.251,ACKF,2,123,-1,36
664141,2025-10-15_17:46:20.636,ACKF,2,124,-1,36
665527,2025-10-15_17:46:22.021,ACKF,2,125,-1,36
666906,2025-10-15_17:46:23.400,ACKF,2,126,-1,36
668285,2025-10-15_17:46:24.779,ACKF,2,127,-1,36
669664,2025-10-15_17:46:26.158,ACKF,2,128,-1,36
671048,2025-10-15_17:46:27.543,ACKF,2,129,-1,36
672145,2025-10-15_17:46:28.640,ACKF,2,130,-1,36
673230,2025-10-15_17:46:29.766,ACK,2,-1,-1,41



695162,2025-10-15_17:46:51.616,ACKF,3,0,-1,34
699122,2025-10-15_17:46:55.576,ACKF,3,1,-1,34
700833,2025-10-15_17:46:57.287,ACKF,3,2,-1,34
702556,2025-10-15_17:46:59.010,ACKF,3,3,-1,34
704267,2025-10-15_17:47:00.721,ACKF,3,4,-1,34
705978,2025-10-15_17:47:02.432,ACKF,3,5,-1,34
707689,2025-10-15_17:47:04.143,ACKF,3,6,-1,34
709400,2025-10-15_17:47:05.854,ACKF,3,7,-1,34
711123,2025-10-15_17:47:07.577,ACKF,3,8,-1,34
712834,2025-10-15_17:47:09.288,ACKF,3,9,-1,34
714545,2025-10-15_17:47:11.040,ACKF,3,10,-1,35
716296,2025-10-15_17:47:12.791,ACKF,3,11,-1,35
718048,2025-10-15_17:47:14.543,ACKF,3,12,-1,35
719811,2025-10-15_17:47:16.306,ACKF,3,13,-1,35
721562,2025-10-15_17:47:18.057,ACKF,3,14,-1,35
723313,2025-10-15_17:47:19.808,ACKF,3,15,-1,35
725064,2025-10-15_17:47:21.559,ACKF,3,16,-1,35
726816,2025-10-15_17:47:23.311,ACKF,3,17,-1,35
728579,2025-10-15_17:47:25.074,ACKF,3,18,-1,35
730330,2025-10-15_17:47:26.825,ACKF,3,19,-1,35
732081,2025-10-15_17:47:28.576,ACKF,3,20,-1,35
733832,2025-10-15_17:47:30.327,ACKF,3,21,-1,35
735584,2025-10-15_17:47:32.079,ACKF,3,22,-1,35
737347,2025-10-15_17:47:33.842,ACKF,3,23,-1,35
739098,2025-10-15_17:47:35.593,ACKF,3,24,-1,35
740849,2025-10-15_17:47:37.344,ACKF,3,25,-1,35
742600,2025-10-15_17:47:39.095,ACKF,3,26,-1,35
744352,2025-10-15_17:47:40.847,ACKF,3,27,-1,35
746115,2025-10-15_17:47:42.610,ACKF,3,28,-1,35
747866,2025-10-15_17:47:44.361,ACKF,3,29,-1,35
749617,2025-10-15_17:47:46.112,ACKF,3,30,-1,35
751368,2025-10-15_17:47:47.863,ACKF,3,31,-1,35
753120,2025-10-15_17:47:49.615,ACKF,3,32,-1,35
754882,2025-10-15_17:47:51.377,ACKF,3,33,-1,35
756634,2025-10-15_17:47:53.129,ACKF,3,34,-1,35
758385,2025-10-15_17:47:54.880,ACKF,3,35,-1,35
760136,2025-10-15_17:47:56.631,ACKF,3,36,-1,35
761887,2025-10-15_17:47:58.382,ACKF,3,37,-1,35
763650,2025-10-15_17:48:00.145,ACKF,3,38,-1,35
765401,2025-10-15_17:48:01.896,ACKF,3,39,-1,35
767152,2025-10-15_17:48:03.647,ACKF,3,40,-1,35
768903,2025-10-15_17:48:05.398,ACKF,3,41,-1,35
770654,2025-10-15_17:48:07.149,ACKF,3,42,-1,35
772417,2025-10-15_17:48:08.912,ACKF,3,43,-1,35
774168,2025-10-15_17:48:10.663,ACKF,3,44,-1,35
775919,2025-10-15_17:48:12.414,ACKF,3,45,-1,35
777670,2025-10-15_17:48:14.165,ACKF,3,46,-1,35
779421,2025-10-15_17:48:15.916,ACKF,3,47,-1,35
781184,2025-10-15_17:48:17.679,ACKF,3,48,-1,35
782935,2025-10-15_17:48:19.430,ACKF,3,49,-1,35
784686,2025-10-15_17:48:21.181,ACKF,3,50,-1,35
786437,2025-10-15_17:48:22.932,ACKF,3,51,-1,35
788188,2025-10-15_17:48:24.683,ACKF,3,52,-1,35
792200,2025-10-15_17:48:28.695,ACKF,3,53,-1,35
793951,2025-10-15_17:48:30.446,ACKF,3,54,-1,35
795702,2025-10-15_17:48:32.197,ACKF,3,55,-1,35
797453,2025-10-15_17:48:33.948,ACKF,3,56,-1,35
799204,2025-10-15_17:48:35.699,ACKF,3,57,-1,35
800967,2025-10-15_17:48:37.462,ACKF,3,58,-1,35
802718,2025-10-15_17:48:39.213,ACKF,3,59,-1,35
804469,2025-10-15_17:48:40.964,ACKF,3,60,-1,35
806220,2025-10-15_17:48:42.715,ACKF,3,61,-1,35
807971,2025-10-15_17:48:44.466,ACKF,3,62,-1,35
809734,2025-10-15_17:48:46.229,ACKF,3,63,-1,35
811485,2025-10-15_17:48:47.980,ACKF,3,64,-1,35
812575,2025-10-15_17:48:49.069,ACKF,3,65,-1,35
813665,2025-10-15_17:48:50.201,ACK,3,-1,-1,41



931794,2025-10-15_17:50:48.248,ACKF,4,0,-1,34
933510,2025-10-15_17:50:49.964,ACKF,4,1,-1,34
935226,2025-10-15_17:50:51.680,ACKF,4,2,-1,34
936936,2025-10-15_17:50:53.390,ACKF,4,3,-1,34
938646,2025-10-15_17:50:55.100,ACKF,4,4,-1,34
940356,2025-10-15_17:50:56.810,ACKF,4,5,-1,34
942072,2025-10-15_17:50:58.526,ACKF,4,6,-1,34
943788,2025-10-15_17:51:00.242,ACKF,4,7,-1,34
945498,2025-10-15_17:51:01.952,ACKF,4,8,-1,34
947208,2025-10-15_17:51:03.662,ACKF,4,9,-1,34
948919,2025-10-15_17:51:05.414,ACKF,4,10,-1,35
950676,2025-10-15_17:51:07.171,ACKF,4,11,-1,35
952433,2025-10-15_17:51:08.928,ACKF,4,12,-1,35
954184,2025-10-15_17:51:10.679,ACKF,4,13,-1,35
955935,2025-10-15_17:51:12.430,ACKF,4,14,-1,35
957687,2025-10-15_17:51:14.182,ACKF,4,15,-1,35
959444,2025-10-15_17:51:15.939,ACKF,4,16,-1,35
961201,2025-10-15_17:51:17.696,ACKF,4,17,-1,35
962952,2025-10-15_17:51:19.447,ACKF,4,18,-1,35
964703,2025-10-15_17:51:21.198,ACKF,4,19,-1,35
966455,2025-10-15_17:51:22.950,ACKF,4,20,-1,35
968212,2025-10-15_17:51:24.707,ACKF,4,21,-1,35
969969,2025-10-15_17:51:26.464,ACKF,4,22,-1,35
971720,2025-10-15_17:51:28.215,ACKF,4,23,-1,35
973471,2025-10-15_17:51:29.966,ACKF,4,24,-1,35
975223,2025-10-15_17:51:31.718,ACKF,4,25,-1,35
976980,2025-10-15_17:51:33.475,ACKF,4,26,-1,35
978737,2025-10-15_17:51:35.232,ACKF,4,27,-1,35
980488,2025-10-15_17:51:36.983,ACKF,4,28,-1,35
982239,2025-10-15_17:51:38.734,ACKF,4,29,-1,35
983991,2025-10-15_17:51:40.486,ACKF,4,30,-1,35
985748,2025-10-15_17:51:42.243,ACKF,4,31,-1,35
987505,2025-10-15_17:51:43.000,ACKF,4,32,-1,35
989256,2025-10-15_17:51:45.751,ACKF,4,33,-1,35
991007,2025-10-15_17:51:47.502,ACKF,4,34,-1,35
992759,2025-10-15_17:51:49.254,ACKF,4,35,-1,35
994516,2025-10-15_17:51:51.011,ACKF,4,36,-1,35
996274,2025-10-15_17:51:52.769,ACKF,4,37,-1,35
998025,2025-10-15_17:51:54.520,ACKF,4,38,-1,35
999777,2025-10-15_17:51:56.272,ACKF,4,39,-1,35
1001529,2025-10-15_17:51:58.024,ACKF,4,40,-1,35
1003286,2025-10-15_17:51:59.781,ACKF,4,41,-1,35
1005044,2025-10-15_17:52:01.539,ACKF,4,42,-1,35
1006796,2025-10-15_17:52:03.291,ACKF,4,43,-1,35
1008548,2025-10-15_17:52:05.043,ACKF,4,44,-1,35
1010300,2025-10-15_17:52:06.795,ACKF,4,45,-1,35
1012057,2025-10-15_17:52:08.552,ACKF,4,46,-1,35
1013815,2025-10-15_17:52:10.310,ACKF,4,47,-1,35
1015567,2025-10-15_17:52:12.062,ACKF,4,48,-1,35
1017319,2025-10-15_17:52:13.814,ACKF,4,49,-1,35
1019071,2025-10-15_17:52:15.566,ACKF,4,50,-1,35
1020829,2025-10-15_17:52:17.324,ACKF,4,51,-1,35
1022587,2025-10-15_17:52:19.082,ACKF,4,52,-1,35
1024339,2025-10-15_17:52:20.834,ACKF,4,53,-1,35
1026091,2025-10-15_17:52:22.586,ACKF,4,54,-1,35
1027843,2025-10-15_17:52:24.338,ACKF,4,55,-1,35
1029600,2025-10-15_17:52:26.095,ACKF,4,56,-1,35
1031358,2025-10-15_17:52:27.853,ACKF,4,57,-1,35
1033110,2025-10-15_17:52:29.605,ACKF,4,58,-1,35
1034862,2025-10-15_17:52:31.357,ACKF,4,59,-1,35
1036614,2025-10-15_17:52:33.109,ACKF,4,60,-1,35
1038372,2025-10-15_17:52:34.867,ACKF,4,61,-1,35
1040130,2025-10-15_17:52:36.625,ACKF,4,62,-1,35
1041882,2025-10-15_17:52:38.377,ACKF,4,63,-1,35
1043634,2025-10-15_17:52:40.129,ACKF,4,64,-1,35
1044725,2025-10-15_17:52:41.219,ACKF,4,65,-1,35
1045810,2025-10-15_17:52:42.346,ACK,4,-1,-1,41



1373450,2025-10-15_17:58:09.904,ACKF,5,0,-1,34
1375169,2025-10-15_17:58:11.623,ACKF,5,1,-1,34
1376880,2025-10-15_17:58:13.334,ACKF,5,2,-1,34
1378590,2025-10-15_17:58:15.044,ACKF,5,3,-1,34
1380306,2025-10-15_17:58:16.760,ACKF,5,4,-1,34
1382016,2025-10-15_17:58:18.470,ACKF,5,5,-1,34
1383733,2025-10-15_17:58:20.186,ACKF,5,6,-1,34
1385443,2025-10-15_17:58:21.897,ACKF,5,7,-1,34
1387153,2025-10-15_17:58:23.607,ACKF,5,8,-1,34
1388872,2025-10-15_17:58:25.326,ACKF,5,9,-1,34
1390582,2025-10-15_17:58:27.077,ACKF,5,10,-1,35
1392340,2025-10-15_17:58:28.834,ACKF,5,11,-1,35
1394091,2025-10-15_17:58:30.586,ACKF,5,12,-1,35
1395842,2025-10-15_17:58:32.337,ACKF,5,13,-1,35
1397600,2025-10-15_17:58:34.095,ACKF,5,14,-1,35
1399351,2025-10-15_17:58:35.846,ACKF,5,15,-1,35
1401109,2025-10-15_17:58:37.603,ACKF,5,16,-1,35
1402860,2025-10-15_17:58:39.355,ACKF,5,17,-1,35
1404611,2025-10-15_17:58:41.106,ACKF,5,18,-1,35
1406369,2025-10-15_17:58:42.864,ACKF,5,19,-1,35
1408120,2025-10-15_17:58:44.615,ACKF,5,20,-1,35
1409878,2025-10-15_17:58:46.372,ACKF,5,21,-1,35
1411629,2025-10-15_17:58:48.124,ACKF,5,22,-1,35
1413380,2025-10-15_17:58:49.875,ACKF,5,23,-1,35
1415138,2025-10-15_17:58:51.633,ACKF,5,24,-1,35
1416889,2025-10-15_17:58:53.384,ACKF,5,25,-1,35
1418647,2025-10-15_17:58:55.141,ACKF,5,26,-1,35
1420398,2025-10-15_17:58:56.893,ACKF,5,27,-1,35
1422149,2025-10-15_17:58:58.644,ACKF,5,28,-1,35
1423907,2025-10-15_17:59:00.402,ACKF,5,29,-1,35
1425658,2025-10-15_17:59:02.153,ACKF,5,30,-1,35
1427416,2025-10-15_17:59:03.910,ACKF,5,31,-1,35
1429167,2025-10-15_17:59:05.662,ACKF,5,32,-1,35
1430918,2025-10-15_17:59:07.413,ACKF,5,33,-1,35
1432676,2025-10-15_17:59:09.171,ACKF,5,34,-1,35
1434427,2025-10-15_17:59:10.922,ACKF,5,35,-1,35
1436185,2025-10-15_17:59:12.679,ACKF,5,36,-1,35
1437936,2025-10-15_17:59:14.431,ACKF,5,37,-1,35
1439687,2025-10-15_17:59:16.182,ACKF,5,38,-1,35
1441445,2025-10-15_17:59:17.940,ACKF,5,39,-1,35
1443196,2025-10-15_17:59:19.691,ACKF,5,40,-1,35
1444954,2025-10-15_17:59:21.448,ACKF,5,41,-1,35
1446705,2025-10-15_17:59:23.200,ACKF,5,42,-1,35
1448456,2025-10-15_17:59:24.951,ACKF,5,43,-1,35
1450214,2025-10-15_17:59:26.709,ACKF,5,44,-1,35
1451965,2025-10-15_17:59:28.460,ACKF,5,45,-1,35
1453723,2025-10-15_17:59:30.217,ACKF,5,46,-1,35
1455474,2025-10-15_17:59:31.969,ACKF,5,47,-1,35
1457225,2025-10-15_17:59:33.720,ACKF,5,48,-1,35
1458983,2025-10-15_17:59:35.478,ACKF,5,49,-1,35
1460734,2025-10-15_17:59:37.229,ACKF,5,50,-1,35
1462492,2025-10-15_17:59:38.986,ACKF,5,51,-1,35
1464243,2025-10-15_17:59:40.738,ACKF,5,52,-1,35
1465994,2025-10-15_17:59:42.489,ACKF,5,53,-1,35
1467752,2025-10-15_17:59:44.247,ACKF,5,54,-1,35
1469503,2025-10-15_17:59:45.998,ACKF,5,55,-1,35
1471261,2025-10-15_17:59:47.755,ACKF,5,56,-1,35
1473012,2025-10-15_17:59:49.507,ACKF,5,57,-1,35
1474763,2025-10-15_17:59:51.258,ACKF,5,58,-1,35
1476521,2025-10-15_17:59:53.016,ACKF,5,59,-1,35
1478272,2025-10-15_17:59:54.767,ACKF,5,60,-1,35
1480030,2025-10-15_17:59:56.524,ACKF,5,61,-1,35
1481781,2025-10-15_17:59:58.276,ACKF,5,62,-1,35
1483532,2025-10-15_18:00:00.027,ACKF,5,63,-1,35
1485290,2025-10-15_18:00:01.785,ACKF,5,64,-1,35
1486380,2025-10-15_18:00:02.874,ACKF,5,65,-1,35
1487465,2025-10-15_18:00:04.001,ACK,5,-1,-1,41



1642026,2025-10-15_18:02:38.479,ACKF,6,0,-1,34
1644149,2025-10-15_18:02:40.602,ACKF,6,1,-1,34
1646278,2025-10-15_18:02:42.731,ACKF,6,2,-1,34
1648401,2025-10-15_18:02:44.854,ACKF,6,3,-1,34
1650524,2025-10-15_18:02:46.977,ACKF,6,4,-1,34
1652654,2025-10-15_18:02:49.107,ACKF,6,5,-1,34
1654777,2025-10-15_18:02:51.230,ACKF,6,6,-1,34
1656907,2025-10-15_18:02:53.360,ACKF,6,7,-1,34
1659030,2025-10-15_18:02:55.483,ACKF,6,8,-1,34
1663812,2025-10-15_18:03:00.265,ACKF,6,9,-1,34
1665942,2025-10-15_18:03:02.436,ACKF,6,10,-1,35
1668106,2025-10-15_18:03:04.600,ACKF,6,11,-1,35
1670277,2025-10-15_18:03:06.771,ACKF,6,12,-1,35
1672441,2025-10-15_18:03:08.935,ACKF,6,13,-1,35
1674605,2025-10-15_18:03:11.099,ACKF,6,14,-1,35
1676776,2025-10-15_18:03:13.270,ACKF,6,15,-1,35
1678940,2025-10-15_18:03:15.434,ACKF,6,16,-1,35
1681111,2025-10-15_18:03:17.605,ACKF,6,17,-1,35
1683275,2025-10-15_18:03:19.769,ACKF,6,18,-1,35
1685439,2025-10-15_18:03:21.933,ACKF,6,19,-1,35
1687610,2025-10-15_18:03:24.104,ACKF,6,20,-1,35
1689774,2025-10-15_18:03:26.268,ACKF,6,21,-1,35
1691945,2025-10-15_18:03:28.439,ACKF,6,22,-1,35
1694109,2025-10-15_18:03:30.603,ACKF,6,23,-1,35
1696273,2025-10-15_18:03:32.767,ACKF,6,24,-1,35
1698444,2025-10-15_18:03:34.938,ACKF,6,25,-1,35
1700608,2025-10-15_18:03:37.102,ACKF,6,26,-1,35
1702779,2025-10-15_18:03:39.273,ACKF,6,27,-1,35
1704943,2025-10-15_18:03:41.437,ACKF,6,28,-1,35
1707107,2025-10-15_18:03:43.601,ACKF,6,29,-1,35
1709278,2025-10-15_18:03:45.772,ACKF,6,30,-1,35
1711442,2025-10-15_18:03:47.936,ACKF,6,31,-1,35
1713613,2025-10-15_18:03:50.107,ACKF,6,32,-1,35
1715777,2025-10-15_18:03:52.271,ACKF,6,33,-1,35
1717941,2025-10-15_18:03:54.435,ACKF,6,34,-1,35
1720112,2025-10-15_18:03:56.606,ACKF,6,35,-1,35
1722276,2025-10-15_18:03:58.770,ACKF,6,36,-1,35
1724447,2025-10-15_18:04:00.941,ACKF,6,37,-1,35
1726611,2025-10-15_18:04:03.105,ACKF,6,38,-1,35
1728775,2025-10-15_18:04:05.269,ACKF,6,39,-1,35
1730946,2025-10-15_18:04:07.441,ACKF,6,40,-1,35
1733110,2025-10-15_18:04:09.604,ACKF,6,41,-1,35
1735281,2025-10-15_18:04:11.775,ACKF,6,42,-1,35
1736784,2025-10-15_18:04:13.279,ACKF,6,43,-1,35
1737869,2025-10-15_18:04:14.405,ACK,6,-1,-1,41


1915352,2025-10-15_18:07:11.806,ACKF,7,0,-1,34
1917482,2025-10-15_18:07:13.936,ACKF,7,1,-1,34
1919611,2025-10-15_18:07:16.064,ACKF,7,2,-1,34
1921735,2025-10-15_18:07:18.188,ACKF,7,3,-1,34
1923859,2025-10-15_18:07:20.312,ACKF,7,4,-1,34
1925983,2025-10-15_18:07:22.437,ACKF,7,5,-1,34
1928113,2025-10-15_18:07:24.566,ACKF,7,6,-1,34
1930241,2025-10-15_18:07:26.694,ACKF,7,7,-1,34
1932365,2025-10-15_18:07:28.818,ACKF,7,8,-1,34
1934489,2025-10-15_18:07:30.942,ACKF,7,9,-1,34
1936613,2025-10-15_18:07:33.108,ACKF,7,10,-1,35
1938784,2025-10-15_18:07:35.278,ACKF,7,11,-1,35
1940955,2025-10-15_18:07:37.449,ACKF,7,12,-1,35
1943120,2025-10-15_18:07:39.614,ACKF,7,13,-1,35
1945284,2025-10-15_18:07:41.778,ACKF,7,14,-1,35
1947448,2025-10-15_18:07:43.943,ACKF,7,15,-1,35
1949619,2025-10-15_18:07:46.114,ACKF,7,16,-1,35
1951790,2025-10-15_18:07:48.284,ACKF,7,17,-1,35
1953955,2025-10-15_18:07:50.449,ACKF,7,18,-1,35
1956119,2025-10-15_18:07:52.613,ACKF,7,19,-1,35
1958283,2025-10-15_18:07:54.778,ACKF,7,20,-1,35
1960454,2025-10-15_18:07:56.948,ACKF,7,21,-1,35
1962624,2025-10-15_18:07:59.118,ACKF,7,22,-1,35
1964788,2025-10-15_18:08:01.282,ACKF,7,23,-1,35
1966952,2025-10-15_18:08:03.446,ACKF,7,24,-1,35
1969116,2025-10-15_18:08:05.611,ACKF,7,25,-1,35
1971287,2025-10-15_18:08:07.781,ACKF,7,26,-1,35
1973457,2025-10-15_18:08:09.951,ACKF,7,27,-1,35
1975621,2025-10-15_18:08:12.115,ACKF,7,28,-1,35
1977785,2025-10-15_18:08:14.279,ACKF,7,29,-1,35
1979949,2025-10-15_18:08:16.444,ACKF,7,30,-1,35
1982120,2025-10-15_18:08:18.614,ACKF,7,31,-1,35
1984290,2025-10-15_18:08:20.784,ACKF,7,32,-1,35
1986454,2025-10-15_18:08:22.948,ACKF,7,33,-1,35
1988618,2025-10-15_18:08:25.112,ACKF,7,34,-1,35
1990782,2025-10-15_18:08:27.277,ACKF,7,35,-1,35
1992953,2025-10-15_18:08:29.447,ACKF,7,36,-1,35
1995123,2025-10-15_18:08:31.617,ACKF,7,37,-1,35
1997287,2025-10-15_18:08:33.781,ACKF,7,38,-1,35
1999451,2025-10-15_18:08:35.945,ACKF,7,39,-1,35
2004274,2025-10-15_18:08:40.769,ACKF,7,40,-1,35
2006445,2025-10-15_18:08:42.939,ACKF,7,41,-1,35
2008615,2025-10-15_18:08:45.109,ACKF,7,42,-1,35
2010117,2025-10-15_18:08:46.612,ACKF,7,43,-1,35
2011202,2025-10-15_18:08:47.738,ACK,7,-1,-1,41




2027735,2025-10-15_18:09:04.189,ACKF,8,0,-1,34
2029859,2025-10-15_18:09:06.312,ACKF,8,1,-1,34
2031995,2025-10-15_18:09:08.448,ACKF,8,2,-1,34
2034118,2025-10-15_18:09:10.571,ACKF,8,3,-1,34
2036241,2025-10-15_18:09:12.694,ACKF,8,4,-1,34
2038364,2025-10-15_18:09:14.818,ACKF,8,5,-1,34
2040488,2025-10-15_18:09:16.941,ACKF,8,6,-1,34
2042623,2025-10-15_18:09:19.076,ACKF,8,7,-1,34
2044746,2025-10-15_18:09:21.199,ACKF,8,8,-1,34
2046869,2025-10-15_18:09:23.322,ACKF,8,9,-1,34
2048992,2025-10-15_18:09:25.487,ACKF,8,10,-1,35
2051156,2025-10-15_18:09:27.650,ACKF,8,11,-1,35
2053333,2025-10-15_18:09:29.827,ACKF,8,12,-1,35
2055497,2025-10-15_18:09:31.991,ACKF,8,13,-1,35
2057661,2025-10-15_18:09:34.155,ACKF,8,14,-1,35
2059825,2025-10-15_18:09:36.320,ACKF,8,15,-1,35
2061989,2025-10-15_18:09:38.483,ACKF,8,16,-1,35
2064166,2025-10-15_18:09:40.660,ACKF,8,17,-1,35
2066330,2025-10-15_18:09:42.824,ACKF,8,18,-1,35
2068494,2025-10-15_18:09:44.988,ACKF,8,19,-1,35
2070658,2025-10-15_18:09:47.153,ACKF,8,20,-1,35
2072822,2025-10-15_18:09:49.316,ACKF,8,21,-1,35
2074999,2025-10-15_18:09:51.493,ACKF,8,22,-1,35
2077163,2025-10-15_18:09:53.657,ACKF,8,23,-1,35
2079327,2025-10-15_18:09:55.821,ACKF,8,24,-1,35
2081491,2025-10-15_18:09:57.986,ACKF,8,25,-1,35
2083655,2025-10-15_18:10:00.149,ACKF,8,26,-1,35
2085832,2025-10-15_18:10:02.326,ACKF,8,27,-1,35
2087996,2025-10-15_18:10:04.490,ACKF,8,28,-1,35
2090160,2025-10-15_18:10:06.654,ACKF,8,29,-1,35
2092324,2025-10-15_18:10:08.819,ACKF,8,30,-1,35
2094488,2025-10-15_18:10:10.982,ACKF,8,31,-1,35
2096665,2025-10-15_18:10:13.159,ACKF,8,32,-1,35
2098829,2025-10-15_18:10:15.323,ACKF,8,33,-1,35
2100993,2025-10-15_18:10:17.487,ACKF,8,34,-1,35
2103157,2025-10-15_18:10:19.652,ACKF,8,35,-1,35
2105321,2025-10-15_18:10:21.815,ACKF,8,36,-1,35
2107498,2025-10-15_18:10:23.992,ACKF,8,37,-1,35
2109662,2025-10-15_18:10:26.156,ACKF,8,38,-1,35
2111826,2025-10-15_18:10:28.320,ACKF,8,39,-1,35
2113990,2025-10-15_18:10:30.485,ACKF,8,40,-1,35
2116154,2025-10-15_18:10:32.648,ACKF,8,41,-1,35
2118331,2025-10-15_18:10:34.825,ACKF,8,42,-1,35
2119833,2025-10-15_18:10:36.328,ACKF,8,43,-1,35
2120918,2025-10-15_18:10:37.454,ACK,8,-1,-1,41



2148073,2025-10-15_18:11:04.526,ACKF,9,0,-1,34
2150609,2025-10-15_18:11:07.063,ACKF,9,1,-1,34
2153152,2025-10-15_18:11:09.606,ACKF,9,2,-1,34
2155696,2025-10-15_18:11:12.150,ACKF,9,3,-1,34
2158232,2025-10-15_18:11:14.686,ACKF,9,4,-1,34
2160769,2025-10-15_18:11:17.223,ACKF,9,5,-1,34
2163306,2025-10-15_18:11:19.760,ACKF,9,6,-1,34
2165848,2025-10-15_18:11:22.302,ACKF,9,7,-1,34
2168391,2025-10-15_18:11:24.844,ACKF,9,8,-1,34
2170927,2025-10-15_18:11:27.381,ACKF,9,9,-1,34
2173464,2025-10-15_18:11:29.959,ACKF,9,10,-1,35
2176042,2025-10-15_18:11:32.537,ACKF,9,11,-1,35
2178625,2025-10-15_18:11:35.120,ACKF,9,12,-1,35
2181209,2025-10-15_18:11:37.703,ACKF,9,13,-1,35
2183786,2025-10-15_18:11:40.281,ACKF,9,14,-1,35
2186363,2025-10-15_18:11:42.858,ACKF,9,15,-1,35
2188941,2025-10-15_18:11:45.436,ACKF,9,16,-1,35
2191525,2025-10-15_18:11:48.020,ACKF,9,17,-1,35
2194109,2025-10-15_18:11:50.603,ACKF,9,18,-1,35
2196686,2025-10-15_18:11:53.181,ACKF,9,19,-1,35
2202333,2025-10-15_18:11:58.828,ACKF,9,20,-1,35
2204910,2025-10-15_18:12:01.405,ACKF,9,21,-1,35
2207494,2025-10-15_18:12:03.989,ACKF,9,22,-1,35
2210078,2025-10-15_18:12:06.572,ACKF,9,23,-1,35
2212655,2025-10-15_18:12:09.150,ACKF,9,24,-1,35
2215232,2025-10-15_18:12:11.727,ACKF,9,25,-1,35
2217809,2025-10-15_18:12:14.304,ACKF,9,26,-1,35
2220393,2025-10-15_18:12:16.888,ACKF,9,27,-1,35
2222977,2025-10-15_18:12:19.471,ACKF,9,28,-1,35
2225554,2025-10-15_18:12:22.049,ACKF,9,29,-1,35
2228131,2025-10-15_18:12:24.626,ACKF,9,30,-1,35
2230708,2025-10-15_18:12:27.203,ACKF,9,31,-1,35
2232631,2025-10-15_18:12:29.126,ACKF,9,32,-1,35
2233716,2025-10-15_18:12:30.252,ACK,9,-1,-1,41



2256822,2025-10-15_18:12:53.317,ACKF,10,0,-1,35
2259399,2025-10-15_18:12:55.894,ACKF,10,1,-1,35
2261976,2025-10-15_18:12:58.471,ACKF,10,2,-1,35
2264560,2025-10-15_18:13:01.055,ACKF,10,3,-1,35
2267137,2025-10-15_18:13:03.632,ACKF,10,4,-1,35
2269721,2025-10-15_18:13:06.215,ACKF,10,5,-1,35
2272298,2025-10-15_18:13:08.793,ACKF,10,6,-1,35
2274875,2025-10-15_18:13:11.370,ACKF,10,7,-1,35
2277459,2025-10-15_18:13:13.954,ACKF,10,8,-1,35
2280036,2025-10-15_18:13:16.531,ACKF,10,9,-1,35
2282661,2025-10-15_18:13:19.155,ACKF,10,10,-1,36
2285279,2025-10-15_18:13:21.774,ACKF,10,11,-1,36
2287897,2025-10-15_18:13:24.392,ACKF,10,12,-1,36
2290522,2025-10-15_18:13:27.017,ACKF,10,13,-1,36
2293140,2025-10-15_18:13:29.635,ACKF,10,14,-1,36
2296258,2025-10-15_18:13:32.752,ACKF,10,14,-1,36
2298876,2025-10-15_18:13:35.371,ACKF,10,15,-1,36
2301494,2025-10-15_18:13:37.989,ACKF,10,16,-1,36
2304112,2025-10-15_18:13:40.607,ACKF,10,17,-1,36
2306737,2025-10-15_18:13:43.232,ACKF,10,18,-1,36
2309362,2025-10-15_18:13:45.856,ACKF,10,19,-1,36
2311979,2025-10-15_18:13:48.474,ACKF,10,20,-1,36
2314597,2025-10-15_18:13:51.092,ACKF,10,21,-1,36
2317215,2025-10-15_18:13:53.710,ACKF,10,22,-1,36
2319840,2025-10-15_18:13:56.335,ACKF,10,23,-1,36
2322465,2025-10-15_18:13:58.960,ACKF,10,24,-1,36
2325083,2025-10-15_18:14:01.578,ACKF,10,25,-1,36
2327701,2025-10-15_18:14:04.196,ACKF,10,26,-1,36
2330319,2025-10-15_18:14:06.814,ACKF,10,27,-1,36
2332944,2025-10-15_18:14:09.439,ACKF,10,28,-1,36
2335569,2025-10-15_18:14:12.063,ACKF,10,29,-1,36
2338186,2025-10-15_18:14:14.681,ACKF,10,30,-1,36
2340804,2025-10-15_18:14:17.299,ACKF,10,31,-1,36
2342721,2025-10-15_18:14:19.216,ACKF,10,32,-1,36
2343806,2025-10-15_18:14:20.342,ACK,10,-1,-1,42



2365764,2025-10-15_18:14:42.259,ACKF,11,0,-1,35
2368349,2025-10-15_18:14:44.843,ACKF,11,1,-1,35
2370926,2025-10-15_18:14:47.421,ACKF,11,2,-1,35
2373504,2025-10-15_18:14:49.999,ACKF,11,3,-1,35
2376088,2025-10-15_18:14:52.583,ACKF,11,4,-1,35
2378666,2025-10-15_18:14:55.161,ACKF,11,5,-1,35
2381251,2025-10-15_18:14:57.745,ACKF,11,6,-1,35
2383828,2025-10-15_18:15:00.323,ACKF,11,7,-1,35
2386406,2025-10-15_18:15:02.901,ACKF,11,8,-1,35
2388990,2025-10-15_18:15:05.485,ACKF,11,9,-1,35
2391608,2025-10-15_18:15:08.103,ACKF,11,10,-1,36
2394234,2025-10-15_18:15:10.728,ACKF,11,11,-1,36
2396852,2025-10-15_18:15:13.347,ACKF,11,12,-1,36
2399471,2025-10-15_18:15:15.966,ACKF,11,13,-1,36
2402096,2025-10-15_18:15:18.591,ACKF,11,14,-1,36
2404715,2025-10-15_18:15:21.210,ACKF,11,15,-1,36
2407341,2025-10-15_18:15:23.835,ACKF,11,16,-1,36
2409959,2025-10-15_18:15:26.454,ACKF,11,17,-1,36
2412578,2025-10-15_18:15:29.073,ACKF,11,18,-1,36
2415203,2025-10-15_18:15:31.698,ACKF,11,19,-1,36
2417822,2025-10-15_18:15:34.317,ACKF,11,20,-1,36
2420448,2025-10-15_18:15:36.942,ACKF,11,21,-1,36
2423066,2025-10-15_18:15:39.561,ACKF,11,22,-1,36
2425685,2025-10-15_18:15:42.180,ACKF,11,23,-1,36
2428310,2025-10-15_18:15:44.805,ACKF,11,24,-1,36
2430929,2025-10-15_18:15:47.424,ACKF,11,25,-1,36
2433555,2025-10-15_18:15:50.049,ACKF,11,26,-1,36
2436173,2025-10-15_18:15:52.668,ACKF,11,27,-1,36
2438792,2025-10-15_18:15:55.287,ACKF,11,28,-1,36
2441417,2025-10-15_18:15:57.912,ACKF,11,29,-1,36
2444036,2025-10-15_18:16:00.531,ACKF,11,30,-1,36
2446662,2025-10-15_18:16:03.156,ACKF,11,31,-1,36
2448578,2025-10-15_18:16:05.073,ACKF,11,32,-1,36
2449663,2025-10-15_18:16:06.199,ACK,11,-1,-1,42