time_ms,local_time,packet_type,sequence_no,fragment_idx,total_fragments,packet_size_bytes
88350,2025-10-15_17:36:10.352,ACKF,0,0,-1,34
89648,2025-10-15_17:36:11.650,ACKF,0,1,-1,34
90946,2025-10-15_17:36:12.948,ACKF,0,2,-1,34
92246,2025-10-15_17:36:14.248,ACKF,0,3,-1,34
93546,2025-10-15_17:36:15.548,ACKF,0,4,-1,34
94844,2025-10-15_17:36:16.846,ACKF,0,5,-1,34
96142,2025-10-15_17:36:17.144,ACKF,0,6,-1,34
97440,2025-10-15_17:36:19.442,ACKF,0,7,-1,34
98743,2025-10-15_17:36:20.745,ACKF,0,8,-1,34
100046,2025-10-15_17:36:21.048,ACKF,0,9,-1,34
101425,2025-10-15_17:36:23.427,ACKF,0,10,-1,35
102804,2025-10-15_17:36:24.806,ACKF,0,11,-1,35
104183,2025-10-15_17:36:25.185,ACKF,0,12,-1,35
105568,2025-10-15_17:36:27.570,ACKF,0,13,-1,35
106953,2025-10-15_17:36:28.955,ACKF,0,14,-1,35
108332,2025-10-15_17:36:30.334,ACKF,0,15,-1,35
109711,2025-10-15_17:36:31.713,ACKF,0,16,-1,35
111090,2025-10-15_17:36:32.092,ACKF,0,17,-1,35
112475,2025-10-15_17:36:34.477,ACKF,0,18,-1,35
113860,2025-10-15_17:36:35.862,ACKF,0,19,-1,35
115239,2025-10-15_17:36:37.241,ACKF,0,20,-1,35
116618,2025-10-15_17:36:38.620,ACKF,0,21,-1,35
117997,2025-10-15_17:36:39.999,ACKF,0,22,-1,35
119382,2025-10-15_17:36:41.384,ACKF,0,23,-1,35
120767,2025-10-15_17:36:42.769,ACKF,0,24,-1,35
122146,2025-10-15_17:36:43.148,ACKF,0,25,-1,35
123525,2025-10-15_17:36:45.527,ACKF,0,26,-1,35
124904,2025-10-15_17:36:46.906,ACKF,0,27,-1,35
126289,2025-10-15_17:36:48.291,ACKF,0,28,-1,35
127674,2025-10-15_17:36:49.676,ACKF,0,29,-1,35
129053,2025-10-15_17:36:50.055,ACKF,0,30,-1,35
130432,2025-10-15_17:36:52.434,ACKF,0,31,-1,35
131811,2025-10-15_17:36:53.813,ACKF,0,32,-1,35
133196,2025-10-15_17:36:54.198,ACKF,0,33,-1,35
134581,2025-10-15_17:36:56.583,ACKF,0,34,-1,35
135960,2025-10-15_17:36:57.962,ACKF,0,35,-1,35
137339,2025-10-15_17:36:59.341,ACKF,0,36,-1,35
138718,2025-10-15_17:37:00.720,ACKF,0,37,-1,35
140103,2025-10-15_17:37:01.105,ACKF,0,38,-1,35
141488,2025-10-15_17:37:03.490,ACKF,0,39,-1,35
142867,2025-10-15_17:37:04.869,ACKF,0,40,-1,35
144246,2025-10-15_17:37:06.248,ACKF,0,41,-1,35
145625,2025-10-15_17:37:07.627,ACKF,0,42,-1,35
147010,2025-10-15_17:37:08.012,ACKF,0,43,-1,35
148395,2025-10-15_17:37:10.397,ACKF,0,44,-1,35
149774,2025-10-15_17:37:11.776,ACKF,0,45,-1,35
151153,2025-10-15_17:37:12.155,ACKF,0,46,-1,35
152532,2025-10-15_17:37:14.534,ACKF,0,47,-1,35
153917,2025-10-15_17:37:15.919,ACKF,0,48,-1,35
155302,2025-10-15_17:37:17.304,ACKF,0,49,-1,35
156681,2025-10-15_17:37:18.683,ACKF,0,50,-1,35
158060,2025-10-15_17:37:19.062,ACKF,0,51,-1,35
159439,2025-10-15_17:37:21.441,ACKF,0,52,-1,35
160824,2025-10-15_17:37:22.826,ACKF,0,53,-1,35
162209,2025-10-15_17:37:24.211,ACKF,0,54,-1,35
163588,2025-10-15_17:37:25.590,ACKF,0,55,-1,35
164967,2025-10-15_17:37:26.969,ACKF,0,56,-1,35
166346,2025-10-15_17:37:28.348,ACKF,0,57,-1,35
169616,2025-10-15_17:37:31.618,ACKF,0,58,-1,35
171001,2025-10-15_17:37:32.003,ACKF,0,59,-1,35
172380,2025-10-15_17:37:34.382,ACKF,0,60,-1,35
173759,2025-10-15_17:37:35.761,ACKF,0,61,-1,35
175138,2025-10-15_17:37:36.140,ACKF,0,62,-1,35
176523,2025-10-15_17:37:38.525,ACKF,0,63,-1,35
177907,2025-10-15_17:37:39.909,ACKF,0,64,-1,35
179286,2025-10-15_17:37:41.288,ACKF,0,65,-1,35
180665,2025-10-15_17:37:42.667,ACKF,0,66,-1,35
182044,2025-10-15_17:37:43.046,ACKF,0,67,-1,35
183429,2025-10-15_17:37:45.431,ACKF,0,68,-1,35
184813,2025-10-15_17:37:46.815,ACKF,0,69,-1,35
186192,2025-10-15_17:37:47.194,ACKF,0,70,-1,35
187571,2025-10-15_17:37:49.573,ACKF,0,71,-1,35
188950,2025-10-15_17:37:50.952,ACKF,0,72,-1,35
190335,2025-10-15_17:37:52.337,ACKF,0,73,-1,35
191719,2025-10-15_17:37:53.721,ACKF,0,74,-1,35
193098,2025-10-15_17:37:54.100,ACKF,0,75,-1,35
194477,2025-10-15_17:37:56.479,ACKF,0,76,-1,35
195856,2025-10-15_17:37:57.858,ACKF,0,77,-1,35
197241,2025-10-15_17:37:59.243,ACKF,0,78,-1,35
198625,2025-10-15_17:38:00.627,ACKF,0,79,-1,35
200004,2025-10-15_17:38:01.006,ACKF,0,80,-1,35
201383,2025-10-15_17:38:03.385,ACKF,0,81,-1,35
202762,2025-10-15_17:38:04.764,ACKF,0,82,-1,35
204147,2025-10-15_17:38:05.149,ACKF,0,83,-1,35
205532,2025-10-15_17:38:07.534,ACKF,0,84,-1,35
206911,2025-10-15_17:38:08.913,ACKF,0,85,-1,35
208290,2025-10-15_17:38:10.292,ACKF,0,86,-1,35
209669,2025-10-15_17:38:11.671,ACKF,0,87,-1,35
211054,2025-10-15_17:38:12.056,ACKF,0,88,-1,35
212439,2025-10-15_17:38:14.441,ACKF,0,89,-1,35
213818,2025-10-15_17:38:15.820,ACKF,0,90,-1,35
215197,2025-10-15_17:38:16.199,ACKF,0,91,-1,35
216576,2025-10-15_17:38:18.578,ACKF,0,92,-1,35
217961,2025-10-15_17:38:19.963,ACKF,0,93,-1,35
219346,2025-10-15_17:38:21.348,ACKF,0,94,-1,35
220725,2025-10-15_17:38:22.727,ACKF,0,95,-1,35
222104,2025-10-15_17:38:23.106,ACKF,0,96,-1,35
223483,2025-10-15_17:38:25.485,ACKF,0,97,-1,35
224868,2025-10-15_17:38:26.870,ACKF,0,98,-1,35
226253,2025-10-15_17:38:28.255,ACKF,0,99,-1,35
227632,2025-10-15_17:38:29.634,ACKF,0,100,-1,36
229011,2025-10-15_17:38:30.013,ACKF,0,101,-1,36
230390,2025-10-15_17:38:32.392,ACKF,0,102,-1,36
231775,2025-10-15_17:38:33.777,ACKF,0,103,-1,36
233159,2025-10-15_17:38:34.161,ACKF,0,104,-1,36
234538,2025-10-15_17:38:36.540,ACKF,0,105,-1,36
235917,2025-10-15_17:38:37.919,ACKF,0,106,-1,36
237296,2025-10-15_17:38:39.298,ACKF,0,107,-1,36
238681,2025-10-15_17:38:40.683,ACKF,0,108,-1,36
240066,2025-10-15_17:38:41.068,ACKF,0,109,-1,36
241445,2025-10-15_17:38:43.447,ACKF,0,110,-1,36
242824,2025-10-15_17:38:44.826,ACKF,0,111,-1,36
244203,2025-10-15_17:38:46.205,ACKF,0,112,-1,36
245588,2025-10-15_17:38:47.590,ACKF,0,113,-1,36
246973,2025-10-15_17:38:48.975,ACKF,0,114,-1,36
248352,2025-10-15_17:38:50.354,ACKF,0,115,-1,36
249731,2025-10-15_17:38:51.733,ACKF,0,116,-1,36
251110,2025-10-15_17:38:52.112,ACKF,0,117,-1,36
252495,2025-10-15_17:38:54.497,ACKF,0,118,-1,36
253880,2025-10-15_17:38:55.882,ACKF,0,119,-1,36
255259,2025-10-15_17:38:57.261,ACKF,0,120,-1,36
256638,2025-10-15_17:38:58.640,ACKF,0,121,-1,36
258017,2025-10-15_17:38:59.019,ACKF,0,122,-1,36
259402,2025-10-15_17:39:01.404,ACKF,0,123,-1,36
260787,2025-10-15_17:39:02.789,ACKF,0,124,-1,36
262166,2025-10-15_17:39:03.168,ACKF,0,125,-1,36
263545,2025-10-15_17:39:05.547,ACKF,0,126,-1,36
264924,2025-10-15_17:39:06.926,ACKF,0,127,-1,36
266309,2025-10-15_17:39:08.311,ACKF,0,128,-1,36
267694,2025-10-15_17:39:09.696,ACKF,0,129,-1,36
268784,2025-10-15_17:39:10.786,ACKF,0,130,-1,36
269911,2025-10-15_17:39:11.913,ACK,0,-1,-1,40



328370,2025-10-15_17:40:10.372,ACKF,1,0,-1,34
329667,2025-10-15_17:40:11.669,ACKF,1,1,-1,34
330975,2025-10-15_17:40:12.977,ACKF,1,2,-1,34
332272,2025-10-15_17:40:14.274,ACKF,1,3,-1,34
333569,2025-10-15_17:40:15.571,ACKF,1,4,-1,34
334866,2025-10-15_17:40:16.868,ACKF,1,5,-1,34
336163,2025-10-15_17:40:17.165,ACKF,1,6,-1,34
337471,2025-10-15_17:40:19.473,ACKF,1,7,-1,34
338768,2025-10-15_17:40:20.770,ACKF,1,8,-1,34
340065,2025-10-15_17:40:21.067,ACKF,1,9,-1,34
341444,2025-10-15_17:40:23.446,ACKF,1,10,-1,35
342823,2025-10-15_17:40:24.825,ACKF,1,11,-1,35
344214,2025-10-15_17:40:26.216,ACKF,1,12,-1,35
345593,2025-10-15_17:40:27.595,ACKF,1,13,-1,35
346972,2025-10-15_17:40:28.974,ACKF,1,14,-1,35
348351,2025-10-15_17:40:30.353,ACKF,1,15,-1,35
349730,2025-10-15_17:40:31.732,ACKF,1,16,-1,35
351121,2025-10-15_17:40:32.123,ACKF,1,17,-1,35
352500,2025-10-15_17:40:34.502,ACKF,1,18,-1,35
353879,2025-10-15_17:40:35.881,ACKF,1,19,-1,35
355258,2025-10-15_17:40:37.260,ACKF,1,20,-1,35
356637,2025-10-15_17:40:38.639,ACKF,1,21,-1,35
358028,2025-10-15_17:40:39.030,ACKF,1,22,-1,35
359407,2025-10-15_17:40:41.409,ACKF,1,23,-1,35
360786,2025-10-15_17:40:42.788,ACKF,1,24,-1,35
362165,2025-10-15_17:40:43.167,ACKF,1,25,-1,35
363544,2025-10-15_17:40:45.546,ACKF,1,26,-1,35
364935,2025-10-15_17:40:46.937,ACKF,1,27,-1,35
366314,2025-10-15_17:40:48.316,ACKF,1,28,-1,35
367693,2025-10-15_17:40:49.695,ACKF,1,29,-1,35
369072,2025-10-15_17:40:50.074,ACKF,1,30,-1,35
370451,2025-10-15_17:40:52.453,ACKF,1,31,-1,35
371842,2025-10-15_17:40:53.844,ACKF,1,32,-1,35
373221,2025-10-15_17:40:55.223,ACKF,1,33,-1,35
374600,2025-10-15_17:40:56.602,ACKF,1,34,-1,35
375979,2025-10-15_17:40:57.981,ACKF,1,35,-1,35
377358,2025-10-15_17:40:59.360,ACKF,1,36,-1,35
378749,2025-10-15_17:41:00.751,ACKF,1,37,-1,35
380128,2025-10-15_17:41:01.130,ACKF,1,38,-1,35
381507,2025-10-15_17:41:03.509,ACKF,1,39,-1,35
382886,2025-10-15_17:41:04.888,ACKF,1,40,-1,35
384265,2025-10-15_17:41:06.267,ACKF,1,41,-1,35
385656,2025-10-15_17:41:07.658,ACKF,1,42,-1,35
387035,2025-10-15_17:41:08.037,ACKF,1,43,-1,35
388414,2025-10-15_17:41:10.416,ACKF,1,44,-1,35
389793,2025-10-15_17:41:11.795,ACKF,1,45,-1,35
391172,2025-10-15_17:41:12.174,ACKF,1,46,-1,35
392563,2025-10-15_17:41:14.565,ACKF,1,47,-1,35
393942,2025-10-15_17:41:15.944,ACKF,1,48,-1,35
395321,2025-10-15_17:41:17.323,ACKF,1,49,-1,35
396700,2025-10-15_17:41:18.702,ACKF,1,50,-1,35
398079,2025-10-15_17:41:19.081,ACKF,1,51,-1,35
399469,2025-10-15_17:41:21.471,ACKF,1,52,-1,35
400848,2025-10-15_17:41:22.850,ACKF,1,53,-1,35
402227,2025-10-15_17:41:24.229,ACKF,1,54,-1,35
403606,2025-10-15_17:41:25.608,ACKF,1,55,-1,35
404985,2025-10-15_17:41:26.987,ACKF,1,56,-1,35
406375,2025-10-15_17:41:28.377,ACKF,1,57,-1,35
407754,2025-10-15_17:41:29.756,ACKF,1,58,-1,35
409133,2025-10-15_17:41:30.135,ACKF,1,59,-1,35
410512,2025-10-15_17:41:32.514,ACKF,1,60,-1,35
411891,2025-10-15_17:41:33.893,ACKF,1,61,-1,35
413282,2025-10-15_17:41:35.284,ACKF,1,62,-1,35
414661,2025-10-15_17:41:36.663,ACKF,1,63,-1,35
416040,2025-10-15_17:41:37.042,ACKF,1,64,-1,35
417419,2025-10-15_17:41:39.421,ACKF,1,65,-1,35
418798,2025-10-15_17:41:40.800,ACKF,1,66,-1,35
420189,2025-10-15_17:41:41.191,ACKF,1,67,-1,35
421568,2025-10-15_17:41:43.570,ACKF,1,68,-1,35
422947,2025-10-15_17:41:44.949,ACKF,1,69,-1,35
424326,2025-10-15_17:41:46.328,ACKF,1,70,-1,35
425705,2025-10-15_17:41:47.707,ACKF,1,71,-1,35
427096,2025-10-15_17:41:48.098,ACKF,1,72,-1,35
428475,2025-10-15_17:41:50.477,ACKF,1,73,-1,35
429854,2025-10-15_17:41:51.856,ACKF,1,74,-1,35
431233,2025-10-15_17:41:53.235,ACKF,1,75,-1,35
432612,2025-10-15_17:41:54.614,ACKF,1,76,-1,35
434003,2025-10-15_17:41:55.005,ACKF,1,77,-1,35
435382,2025-10-15_17:41:57.384,ACKF,1,78,-1,35
436761,2025-10-15_17:41:58.763,ACKF,1,79,-1,35
438140,2025-10-15_17:41:59.142,ACKF,1,80,-1,35
439519,2025-10-15_17:42:01.521,ACKF,1,81,-1,35
440910,2025-10-15_17:42:02.912,ACKF,1,82,-1,35
442289,2025-10-15_17:42:04.291,ACKF,1,83,-1,35
443668,2025-10-15_17:42:05.670,ACKF,1,84,-1,35
445047,2025-10-15_17:42:06.049,ACKF,1,85,-1,35
446426,2025-10-15_17:42:08.428,ACKF,1,86,-1,35
447817,2025-10-15_17:42:09.819,ACKF,1,87,-1,35
449196,2025-10-15_17:42:10.198,ACKF,1,88,-1,35
450575,2025-10-15_17:42:12.577,ACKF,1,89,-1,35
451954,2025-10-15_17:42:13.956,ACKF,1,90,-1,35
453333,2025-10-15_17:42:15.335,ACKF,1,91,-1,35
454724,2025-10-15_17:42:16.726,ACKF,1,92,-1,35
456103,2025-10-15_17:42:17.105,ACKF,1,93,-1,35
457482,2025-10-15_17:42:19.484,ACKF,1,94,-1,35
458861,2025-10-15_17:42:20.863,ACKF,1,95,-1,35
460240,2025-10-15_17:42:22.242,ACKF,1,96,-1,35
461631,2025-10-15_17:42:23.633,ACKF,1,97,-1,35
463010,2025-10-15_17:42:24.012,ACKF,1,98,-1,35
464389,2025-10-15_17:42:26.391,ACKF,1,99,-1,35
465769,2025-10-15_17:42:27.771,ACKF,1,100,-1,36
467149,2025-10-15_17:42:28.151,ACKF,1,101,-1,36
468540,2025-10-15_17:42:30.542,ACKF,1,102,-1,36
469920,2025-10-15_17:42:31.922,ACKF,1,103,-1,36
471300,2025-10-15_17:42:33.302,ACKF,1,104,-1,36
472680,2025-10-15_17:42:34.682,ACKF,1,105,-1,36
474060,2025-10-15_17:42:35.062,ACKF,1,106,-1,36
475451,2025-10-15_17:42:37.453,ACKF,1,107,-1,36
476831,2025-10-15_17:42:38.833,ACKF,1,108,-1,36
478211,2025-10-15_17:42:40.213,ACKF,1,109,-1,36
479591,2025-10-15_17:42:41.593,ACKF,1,110,-1,36
480971,2025-10-15_17:42:42.973,ACKF,1,111,-1,36
482362,2025-10-15_17:42:44.364,ACKF,1,112,-1,36
483742,2025-10-15_17:42:45.744,ACKF,1,113,-1,36
485122,2025-10-15_17:42:46.124,ACKF,1,114,-1,36
486502,2025-10-15_17:42:48.504,ACKF,1,115,-1,36
487882,2025-10-15_17:42:49.884,ACKF,1,116,-1,36
489274,2025-10-15_17:42:51.276,ACKF,1,117,-1,36
490654,2025-10-15_17:42:52.656,ACKF,1,118,-1,36
492034,2025-10-15_17:42:53.036,ACKF,1,119,-1,36
493414,2025-10-15_17:42:55.416,ACKF,1,120,-1,36
494794,2025-10-15_17:42:56.796,ACKF,1,121,-1,36
496185,2025-10-15_17:42:57.187,ACKF,1,122,-1,36
497565,2025-10-15_17:42:59.567,ACKF,1,123,-1,36
498945,2025-10-15_17:43:00.947,ACKF,1,124,-1,36
500325,2025-10-15_17:43:02.327,ACKF,1,125,-1,36
501705,2025-10-15_17:43:03.707,ACKF,1,126,-1,36
503097,2025-10-15_17:43:04.099,ACKF,1,127,-1,36
504477,2025-10-15_17:43:06.479,ACKF,1,128,-1,36
505857,2025-10-15_17:43:07.859,ACKF,1,129,-1,36
506947,2025-10-15_17:43:08.949,ACKF,1,130,-1,36
508073,2025-10-15_17:43:09.075,ACK,1,-1,-1,41



524642,2025-10-15_17:43:26.644,ACKF,2,0,-1,34
525945,2025-10-15_17:43:27.947,ACKF,2,1,-1,34
527243,2025-10-15_17:43:29.245,ACKF,2,2,-1,34
528541,2025-10-15_17:43:30.543,ACKF,2,3,-1,34
529839,2025-10-15_17:43:31.841,ACKF,2,4,-1,34
531143,2025-10-15_17:43:32.145,ACKF,2,5,-1,34
532446,2025-10-15_17:43:34.448,ACKF,2,6,-1,34
533744,2025-10-15_17:43:35.746,ACKF,2,7,-1,34
535042,2025-10-15_17:43:36.044,ACKF,2,8,-1,34
536340,2025-10-15_17:43:38.342,ACKF,2,9,-1,34
537725,2025-10-15_17:43:39.727,ACKF,2,10,-1,35
539110,2025-10-15_17:43:40.112,ACKF,2,11,-1,35
540489,2025-10-15_17:43:42.491,ACKF,2,12,-1,35
541868,2025-10-15_17:43:43.870,ACKF,2,13,-1,35
543247,2025-10-15_17:43:45.249,ACKF,2,14,-1,35
544632,2025-10-15_17:43:46.634,ACKF,2,15,-1,35
546017,2025-10-15_17:43:47.019,ACKF,2,16,-1,35
547396,2025-10-15_17:43:49.398,ACKF,2,17,-1,35
548775,2025-10-15_17:43:50.777,ACKF,2,18,-1,35
550154,2025-10-15_17:43:51.156,ACKF,2,19,-1,35
551539,2025-10-15_17:43:53.541,ACKF,2,20,-1,35
554798,2025-10-15_17:43:56.800,ACKF,2,21,-1,35
556177,2025-10-15_17:43:57.179,ACKF,2,22,-1,35
557556,2025-10-15_17:43:59.558,ACKF,2,23,-1,35
558936,2025-10-15_17:44:00.938,ACKF,2,24,-1,35
560327,2025-10-15_17:44:02.329,ACKF,2,25,-1,35
561706,2025-10-15_17:44:03.708,ACKF,2,26,-1,35
563085,2025-10-15_17:44:04.087,ACKF,2,27,-1,35
564464,2025-10-15_17:44:06.466,ACKF,2,28,-1,35
565844,2025-10-15_17:44:07.846,ACKF,2,29,-1,35
567234,2025-10-15_17:44:09.236,ACKF,2,30,-1,35
568613,2025-10-15_17:44:10.615,ACKF,2,31,-1,35
569992,2025-10-15_17:44:11.994,ACKF,2,32,-1,35
571371,2025-10-15_17:44:13.373,ACKF,2,33,-1,35
572751,2025-10-15_17:44:14.753,ACKF,2,34,-1,35
574142,2025-10-15_17:44:15.144,ACKF,2,35,-1,35
575521,2025-10-15_17:44:17.523,ACKF,2,36,-1,35
576900,2025-10-15_17:44:18.902,ACKF,2,37,-1,35
578279,2025-10-15_17:44:20.281,ACKF,2,38,-1,35
579659,2025-10-15_17:44:21.661,ACKF,2,39,-1,35
582923,2025-10-15_17:44:24.925,ACKF,2,40,-1,35
584302,2025-10-15_17:44:26.304,ACKF,2,41,-1,35
585681,2025-10-15_17:44:27.683,ACKF,2,42,-1,35
587060,2025-10-15_17:44:28.062,ACKF,2,43,-1,35
588445,2025-10-15_17:44:30.447,ACKF,2,44,-1,35
589830,2025-10-15_17:44:31.832,ACKF,2,45,-1,35
591209,2025-10-15_17:44:33.211,ACKF,2,46,-1,35
592588,2025-10-15_17:44:34.590,ACKF,2,47,-1,35
593967,2025-10-15_17:44:35.969,ACKF,2,48,-1,35
595352,2025-10-15_17:44:37.354,ACKF,2,49,-1,35
596737,2025-10-15_17:44:38.739,ACKF,2,50,-1,35
598116,2025-10-15_17:44:39.118,ACKF,2,51,-1,35
599495,2025-10-15_17:44:41.497,ACKF,2,52,-1,35
600874,2025-10-15_17:44:42.876,ACKF,2,53,-1,35
602259,2025-10-15_17:44:44.261,ACKF,2,54,-1,35
603644,2025-10-15_17:44:45.646,ACKF,2,55,-1,35
605023,2025-10-15_17:44:46.025,ACKF,2,56,-1,35
606402,2025-10-15_17:44:48.404,ACKF,2,57,-1,35
607781,2025-10-15_17:44:49.783,ACKF,2,58,-1,35
609166,2025-10-15_17:44:50.168,ACKF,2,59,-1,35
610551,2025-10-15_17:44:52.553,ACKF,2,60,-1,35
611930,2025-10-15_17:44:53.932,ACKF,2,61,-1,35
613309,2025-10-15_17:44:55.311,ACKF,2,62,-1,35
614688,2025-10-15_17:44:56.690,ACKF,2,63,-1,35
616073,2025-10-15_17:44:57.075,ACKF,2,64,-1,35
617458,2025-10-15_17:44:59.460,ACKF,2,65,-1,35
618837,2025-10-15_17:45:00.839,ACKF,2,66,-1,35
620216,2025-10-15_17:45:02.218,ACKF,2,67,-1,35
621595,2025-10-15_17:45:03.597,ACKF,2,68,-1,35
622980,2025-10-15_17:45:04.982,ACKF,2,69,-1,35
624365,2025-10-15_17:45:06.367,ACKF,2,70,-1,35
625744,2025-10-15_17:45:07.746,ACKF,2,71,-1,35
627123,2025-10-15_17:45:08.125,ACKF,2,72,-1,35
628502,2025-10-15_17:45:10.504,ACKF,2,73,-1,35
629887,2025-10-15_17:45:11.889,ACKF,2,74,-1,35
631272,2025-10-15_17:45:13.274,ACKF,2,75,-1,35
632651,2025-10-15_17:45:14.653,ACKF,2,76,-1,35
634030,2025-10-15_17:45:15.032,ACKF,2,77,-1,35
635409,2025-10-15_17:45:17.411,ACKF,2,78,-1,35
636794,2025-10-15_17:45:18.796,ACKF,2,79,-1,35
638179,2025-10-15_17:45:19.181,ACKF,2,80,-1,35
639558,2025-10-15_17:45:21.560,ACKF,2,81,-1,35
640937,2025-10-15_17:45:22.939,ACKF,2,82,-1,35
642316,2025-10-15_17:45:24.318,ACKF,2,83,-1,35
643701,2025-10-15_17:45:25.703,ACKF,2,84,-1,35
645085,2025-10-15_17:45:26.087,ACKF,2,85,-1,35
646464,2025-10-15_17:45:28.466,ACKF,2,86,-1,35
647843,2025-10-15_17:45:29.845,ACKF,2,87,-1,35
649222,2025-10-15_17:45:31.224,ACKF,2,88,-1,35
650607,2025-10-15_17:45:32.609,ACKF,2,89,-1,35
651992,2025-10-15_17:45:33.994,ACKF,2,90,-1,35
653371,2025-10-15_17:45:35.373,ACKF,2,91,-1,35
654750,2025-10-15_17:45:36.752,ACKF,2,92,-1,35
656129,2025-10-15_17:45:37.131,ACKF,2,93,-1,35
657514,2025-10-15_17:45:39.516,ACKF,2,94,-1,35
658899,2025-10-15_17:45:40.901,ACKF,2,95,-1,35
660278,2025-10-15_17:45:42.280,ACKF,2,96,-1,35
661657,2025-10-15_17:45:43.659,ACKF,2,97,-1,35
663036,2025-10-15_17:45:44.038,ACKF,2,98,-1,35
664421,2025-10-15_17:45:46.423,ACKF,2,99,-1,35
665806,2025-10-15_17:45:47.808,ACKF,2,100,-1,36
667185,2025-10-15_17:45:48.187,ACKF,2,101,-1,36
668564,2025-10-15_17:45:50.566,ACKF,2,102,-1,36
669943,2025-10-15_17:45:51.945,ACKF,2,103,-1,36
671328,2025-10-15_17:45:53.330,ACKF,2,104,-1,36
672713,2025-10-15_17:45:54.715,ACKF,2,105,-1,36
674092,2025-10-15_17:45:55.094,ACKF,2,106,-1,36
675471,2025-10-15_17:45:57.473,ACKF,2,107,-1,36
676850,2025-10-15_17:45:58.852,ACKF,2,108,-1,36
678235,2025-10-15_17:46:00.237,ACKF,2,109,-1,36
679620,2025-10-15_17:46:01.622,ACKF,2,110,-1,36
680999,2025-10-15_17:46:02.001,ACKF,2,111,-1,36
682378,2025-10-15_17:46:04.380,ACKF,2,112,-1,36
683757,2025-10-15_17:46:05.759,ACKF,2,113,-1,36
685142,2025-10-15_17:46:06.144,ACKF,2,114,-1,36
686527,2025-10-15_17:46:08.529,ACKF,2,115,-1,36
687906,2025-10-15_17:46:09.908,ACKF,2,116,-1,36
689285,2025-10-15_17:46:11.287,ACKF,2,117,-1,36
690664,2025-10-15_17:46:12.666,ACKF,2,118,-1,36
692049,2025-10-15_17:46:13.051,ACKF,2,119,-1,36
693434,2025-10-15_17:46:15.436,ACKF,2,120,-1,36
694813,2025-10-15_17:46:16.815,ACKF,2,121,-1,36
696192,2025-10-15_17:46:17.194,ACKF,2,122,-1,36
697571,2025-10-15_17:46:19.573,ACKF,2,123,-1,36
698956,2025-10-15_17:46:20.958,ACKF,2,124,-1,36
700341,2025-10-15_17:46:22.343,ACKF,2,125,-1,36
701720,2025-10-15_17:46:23.722,ACKF,2,126,-1,36
703099,2025-10-15_17:46:24.101,ACKF,2,127,-1,36
704478,2025-10-15_17:46:26.480,ACKF,2,128,-1,36
705863,2025-10-15_17:46:27.865,ACKF,2,129,-1,36
706959,2025-10-15_17:46:28.961,ACKF,2,130,-1,36
708086,2025-10-15_17:46:29.088,ACK,2,-1,-1,41



729936,2025-10-15_17:46:51.938,ACKF,3,0,-1,34
733896,2025-10-15_17:46:55.898,ACKF,3,1,-1,34
735607,2025-10-15_17:46:57.609,ACKF,3,2,-1,34
737330,2025-10-15_17:46:59.332,ACKF,3,3,-1,34
739041,2025-10-15_17:47:00.043,ACKF,3,4,-1,34
740752,2025-10-15_17:47:02.754,ACKF,3,5,-1,34
742463,2025-10-15_17:47:04.465,ACKF,3,6,-1,34
744174,2025-10-15_17:47:05.176,ACKF,3,7,-1,34
745897,2025-10-15_17:47:07.899,ACKF,3,8,-1,34
747608,2025-10-15_17:47:09.610,ACKF,3,9,-1,34
749359,2025-10-15_17:47:11.361,ACKF,3,10,-1,35
751111,2025-10-15_17:47:12.113,ACKF,3,11,-1,35
752862,2025-10-15_17:47:14.864,ACKF,3,12,-1,35
754625,2025-10-15_17:47:16.627,ACKF,3,13,-1,35
756376,2025-10-15_17:47:18.378,ACKF,3,14,-1,35
758127,2025-10-15_17:47:19.129,ACKF,3,15,-1,35
759879,2025-10-15_17:47:21.881,ACKF,3,16,-1,35
761630,2025-10-15_17:47:23.632,ACKF,3,17,-1,35
763393,2025-10-15_17:47:25.395,ACKF,3,18,-1,35
765144,2025-10-15_17:47:26.146,ACKF,3,19,-1,35
766895,2025-10-15_17:47:28.897,ACKF,3,20,-1,35
768647,2025-10-15_17:47:30.649,ACKF,3,21,-1,35
770398,2025-10-15_17:47:32.400,ACKF,3,22,-1,35
772161,2025-10-15_17:47:33.163,ACKF,3,23,-1,35
773912,2025-10-15_17:47:35.914,ACKF,3,24,-1,35
775663,2025-10-15_17:47:37.665,ACKF,3,25,-1,35
777415,2025-10-15_17:47:39.417,ACKF,3,26,-1,35
779166,2025-10-15_17:47:40.168,ACKF,3,27,-1,35
780929,2025-10-15_17:47:42.931,ACKF,3,28,-1,35
782680,2025-10-15_17:47:44.682,ACKF,3,29,-1,35
784431,2025-10-15_17:47:46.433,ACKF,3,30,-1,35
786183,2025-10-15_17:47:47.185,ACKF,3,31,-1,35
787934,2025-10-15_17:47:49.936,ACKF,3,32,-1,35
789697,2025-10-15_17:47:51.699,ACKF,3,33,-1,35
791448,2025-10-15_17:47:53.450,ACKF,3,34,-1,35
793199,2025-10-15_17:47:55.201,ACKF,3,35,-1,35
794950,2025-10-15_17:47:56.952,ACKF,3,36,-1,35
796701,2025-10-15_17:47:58.703,ACKF,3,37,-1,35
798464,2025-10-15_17:48:00.466,ACKF,3,38,-1,35
800215,2025-10-15_17:48:02.217,ACKF,3,39,-1,35
801966,2025-10-15_17:48:03.968,ACKF,3,40,-1,35
803717,2025-10-15_17:48:05.719,ACKF,3,41,-1,35
805468,2025-10-15_17:48:07.470,ACKF,3,42,-1,35
807231,2025-10-15_17:48:09.233,ACKF,3,43,-1,35
808982,2025-10-15_17:48:10.984,ACKF,3,44,-1,35
810733,2025-10-15_17:48:12.735,ACKF,3,45,-1,35
812484,2025-10-15_17:48:14.486,ACKF,3,46,-1,35
814235,2025-10-15_17:48:16.237,ACKF,3,47,-1,35
815998,2025-10-15_17:48:17.000,ACKF,3,48,-1,35
817749,2025-10-15_17:48:19.751,ACKF,3,49,-1,35
819500,2025-10-15_17:48:21.502,ACKF,3,50,-1,35
821251,2025-10-15_17:48:23.253,ACKF,3,51,-1,35
823002,2025-10-15_17:48:24.004,ACKF,3,52,-1,35
827014,2025-10-15_17:48:28.016,ACKF,3,53,-1,35
828765,2025-10-15_17:48:30.767,ACKF,3,54,-1,35
830516,2025-10-15_17:48:32.518,ACKF,3,55,-1,35
832267,2025-10-15_17:48:34.269,ACKF,3,56,-1,35
834018,2025-10-15_17:48:35.020,ACKF,3,57,-1,35
835781,2025-10-15_17:48:37.783,ACKF,3,58,-1,35
837532,2025-10-15_17:48:39.534,ACKF,3,59,-1,35
839283,2025-10-15_17:48:41.285,ACKF,3,60,-1,35
841034,2025-10-15_17:48:42.036,ACKF,3,61,-1,35
842785,2025-10-15_17:48:44.787,ACKF,3,62,-1,35
844548,2025-10-15_17:48:46.550,ACKF,3,63,-1,35
846299,2025-10-15_17:48:48.301,ACKF,3,64,-1,35
847389,2025-10-15_17:48:49.391,ACKF,3,65,-1,35
848520,2025-10-15_17:48:50.522,ACK,3,-1,-1,41


966567,2025-10-15_17:50:48.569,ACKF,4,0,-1,34
968283,2025-10-15_17:50:50.285,ACKF,4,1,-1,34
969999,2025-10-15_17:50:51.001,ACKF,4,2,-1,34
971709,2025-10-15_17:50:53.711,ACKF,4,3,-1,34
973419,2025-10-15_17:50:55.421,ACKF,4,4,-1,34
975129,2025-10-15_17:50:56.131,ACKF,4,5,-1,34
976845,2025-10-15_17:50:58.847,ACKF,4,6,-1,34
978561,2025-10-15_17:51:00.563,ACKF,4,7,-1,34
980271,2025-10-15_17:51:02.273,ACKF,4,8,-1,34
981981,2025-10-15_17:51:03.983,ACKF,4,9,-1,34
983733,2025-10-15_17:51:05.735,ACKF,4,10,-1,35
985490,2025-10-15_17:51:07.492,ACKF,4,11,-1,35
987247,2025-10-15_17:51:09.249,ACKF,4,12,-1,35
988998,2025-10-15_17:51:10.000,ACKF,4,13,-1,35
990749,2025-10-15_17:51:12.751,ACKF,4,14,-1,35
992501,2025-10-15_17:51:14.503,ACKF,4,15,-1,35
994258,2025-10-15_17:51:16.260,ACKF,4,16,-1,35
996015,2025-10-15_17:51:17.017,ACKF,4,17,-1,35
997766,2025-10-15_17:51:19.768,ACKF,4,18,-1,35
999517,2025-10-15_17:51:21.519,ACKF,4,19,-1,35
1001269,2025-10-15_17:51:23.271,ACKF,4,20,-1,35
1003026,2025-10-15_17:51:24.028,ACKF,4,21,-1,35
1004783,2025-10-15_17:51:26.785,ACKF,4,22,-1,35
1006534,2025-10-15_17:51:28.536,ACKF,4,23,-1,35
1008285,2025-10-15_17:51:30.287,ACKF,4,24,-1,35
1010037,2025-10-15_17:51:31.039,ACKF,4,25,-1,35
1011794,2025-10-15_17:51:33.796,ACKF,4,26,-1,35
1013551,2025-10-15_17:51:35.553,ACKF,4,27,-1,35
1015302,2025-10-15_17:51:37.304,ACKF,4,28,-1,35
1017053,2025-10-15_17:51:38.055,ACKF,4,29,-1,35
1018805,2025-10-15_17:51:40.807,ACKF,4,30,-1,35
1020562,2025-10-15_17:51:42.564,ACKF,4,31,-1,35
1022319,2025-10-15_17:51:44.321,ACKF,4,32,-1,35
1024070,2025-10-15_17:51:45.072,ACKF,4,33,-1,35
1025821,2025-10-15_17:51:47.823,ACKF,4,34,-1,35
1027573,2025-10-15_17:51:49.575,ACKF,4,35,-1,35
1029330,2025-10-15_17:51:51.332,ACKF,4,36,-1,35
1031088,2025-10-15_17:51:52.090,ACKF,4,37,-1,35
1032839,2025-10-15_17:51:54.841,ACKF,4,38,-1,35
1034591,2025-10-15_17:51:56.593,ACKF,4,39,-1,35
1036343,2025-10-15_17:51:58.345,ACKF,4,40,-1,35
1038100,2025-10-15_17:51:59.102,ACKF,4,41,-1,35
1039858,2025-10-15_17:52:01.860,ACKF,4,42,-1,35
1041610,2025-10-15_17:52:03.612,ACKF,4,43,-1,35
1043362,2025-10-15_17:52:05.364,ACKF,4,44,-1,35
1045114,2025-10-15_17:52:06.116,ACKF,4,45,-1,35
1046871,2025-10-15_17:52:08.873,ACKF,4,46,-1,35
1048629,2025-10-15_17:52:10.631,ACKF,4,47,-1,35
1050381,2025-10-15_17:52:12.383,ACKF,4,48,-1,35
1052133,2025-10-15_17:52:13.135,ACKF,4,49,-1,35
1053885,2025-10-15_17:52:15.887,ACKF,4,50,-1,35
1055643,2025-10-15_17:52:17.645,ACKF,4,51,-1,35
1057401,2025-10-15_17:52:19.403,ACKF,4,52,-1,35
1059153,2025-10-15_17:52:20.155,ACKF,4,53,-1,35
1060905,2025-10-15_17:52:22.907,ACKF,4,54,-1,35
1062657,2025-10-15_17:52:24.659,ACKF,4,55,-1,35
1064414,2025-10-15_17:52:26.416,ACKF,4,56,-1,35
1066172,2025-10-15_17:52:27.174,ACKF,4,57,-1,35
1067924,2025-10-15_17:52:29.926,ACKF,4,58,-1,35
1069676,2025-10-15_17:52:31.678,ACKF,4,59,-1,35
1071428,2025-10-15_17:52:33.430,ACKF,4,60,-1,35
1073186,2025-10-15_17:52:34.188,ACKF,4,61,-1,35
1074944,2025-10-15_17:52:36.946,ACKF,4,62,-1,35
1076696,2025-10-15_17:52:38.698,ACKF,4,63,-1,35
1078448,2025-10-15_17:52:40.450,ACKF,4,64,-1,35
1079538,2025-10-15_17:52:41.540,ACKF,4,65,-1,35
1080665,2025-10-15_17:52:42.668,ACK,4,-1,-1,41



1408222,2025-10-15_17:58:10.224,ACKF,5,0,-1,34
1409942,2025-10-15_17:58:11.944,ACKF,5,1,-1,34
1411652,2025-10-15_17:58:13.654,ACKF,5,2,-1,34
1413362,2025-10-15_17:58:15.364,ACKF,5,3,-1,34
1415078,2025-10-15_17:58:16.080,ACKF,5,4,-1,34
1416788,2025-10-15_17:58:18.790,ACKF,5,5,-1,34
1418505,2025-10-15_17:58:20.507,ACKF,5,6,-1,34
1420215,2025-10-15_17:58:22.217,ACKF,5,7,-1,34
1421925,2025-10-15_17:58:23.927,ACKF,5,8,-1,34
1423644,2025-10-15_17:58:25.646,ACKF,5,9,-1,34
1425395,2025-10-15_17:58:27.397,ACKF,5,10,-1,35
1427153,2025-10-15_17:58:28.155,ACKF,5,11,-1,35
1428904,2025-10-15_17:58:30.906,ACKF,5,12,-1,35
1430655,2025-10-15_17:58:32.657,ACKF,5,13,-1,35
1432413,2025-10-15_17:58:34.415,ACKF,5,14,-1,35
1434164,2025-10-15_17:58:35.166,ACKF,5,15,-1,35
1435922,2025-10-15_17:58:37.924,ACKF,5,16,-1,35
1437673,2025-10-15_17:58:39.675,ACKF,5,17,-1,35
1439424,2025-10-15_17:58:41.426,ACKF,5,18,-1,35
1441182,2025-10-15_17:58:42.184,ACKF,5,19,-1,35
1442933,2025-10-15_17:58:44.935,ACKF,5,20,-1,35
1444691,2025-10-15_17:58:46.693,ACKF,5,21,-1,35
1446442,2025-10-15_17:58:48.444,ACKF,5,22,-1,35
1448193,2025-10-15_17:58:49.195,ACKF,5,23,-1,35
1449951,2025-10-15_17:58:51.953,ACKF,5,24,-1,35
1451702,2025-10-15_17:58:53.704,ACKF,5,25,-1,35
1453460,2025-10-15_17:58:55.462,ACKF,5,26,-1,35
1455211,2025-10-15_17:58:57.213,ACKF,5,27,-1,35
1456962,2025-10-15_17:58:58.964,ACKF,5,28,-1,35
1458720,2025-10-15_17:59:00.722,ACKF,5,29,-1,35
1460471,2025-10-15_17:59:02.473,ACKF,5,30,-1,35
1462229,2025-10-15_17:59:04.231,ACKF,5,31,-1,35
1463980,2025-10-15_17:59:05.982,ACKF,5,32,-1,35
1465731,2025-10-15_17:59:07.733,ACKF,5,33,-1,35
1467489,2025-10-15_17:59:09.491,ACKF,5,34,-1,35
1469240,2025-10-15_17:59:11.242,ACKF,5,35,-1,35
1470998,2025-10-15_17:59:12.000,ACKF,5,36,-1,35
1472749,2025-10-15_17:59:14.751,ACKF,5,37,-1,35
1474500,2025-10-15_17:59:16.502,ACKF,5,38,-1,35
1476258,2025-10-15_17:59:18.260,ACKF,5,39,-1,35
1478009,2025-10-15_17:59:19.011,ACKF,5,40,-1,35
1479767,2025-10-15_17:59:21.769,ACKF,5,41,-1,35
1481518,2025-10-15_17:59:23.520,ACKF,5,42,-1,35
1483269,2025-10-15_17:59:25.271,ACKF,5,43,-1,35
1485027,2025-10-15_17:59:26.029,ACKF,5,44,-1,35
1486778,2025-10-15_17:59:28.780,ACKF,5,45,-1,35
1488536,2025-10-15_17:59:30.538,ACKF,5,46,-1,35
1490287,2025-10-15_17:59:32.289,ACKF,5,47,-1,35
1492038,2025-10-15_17:59:33.040,ACKF,5,48,-1,35
1493796,2025-10-15_17:59:35.798,ACKF,5,49,-1,35
1495547,2025-10-15_17:59:37.549,ACKF,5,50,-1,35
1497305,2025-10-15_17:59:39.307,ACKF,5,51,-1,35
1499056,2025-10-15_17:59:40.058,ACKF,5,52,-1,35
1500807,2025-10-15_17:59:42.809,ACKF,5,53,-1,35
1502565,2025-10-15_17:59:44.567,ACKF,5,54,-1,35
1504316,2025-10-15_17:59:46.318,ACKF,5,55,-1,35
1506074,2025-10-15_17:59:47.076,ACKF,5,56,-1,35
1507825,2025-10-15_17:59:49.827,ACKF,5,57,-1,35
1509576,2025-10-15_17:59:51.578,ACKF,5,58,-1,35
1511334,2025-10-15_17:59:53.336,ACKF,5,59,-1,35
1513085,2025-10-15_17:59:54.087,ACKF,5,60,-1,35
1514843,2025-10-15_17:59:56.845,ACKF,5,61,-1,35
1516594,2025-10-15_17:59:58.596,ACKF,5,62,-1,35
1518345,2025-10-15_18:00:00.347,ACKF,5,63,-1,35
1520103,2025-10-15_18:00:01.105,ACKF,5,64,-1,35
1521193,2025-10-15_18:00:02.195,ACKF,5,65,-1,35
1522319,2025-10-15_18:00:04.321,ACK,5,-1,-1,41



1676797,2025-10-15_18:02:38.799,ACKF,6,0,-1,34
1678920,2025-10-15_18:02:40.922,ACKF,6,1,-1,34
1681049,2025-10-15_18:02:42.051,ACKF,6,2,-1,34
1683172,2025-10-15_18:02:44.174,ACKF,6,3,-1,34
1685295,2025-10-15_18:02:47.297,ACKF,6,4,-1,34
1687425,2025-10-15_18:02:49.427,ACKF,6,5,-1,34
1689548,2025-10-15_18:02:51.550,ACKF,6,6,-1,34
1691678,2025-10-15_18:02:53.680,ACKF,6,7,-1,34
1693801,2025-10-15_18:02:55.803,ACKF,6,8,-1,34
1698583,2025-10-15_18:03:00.585,ACKF,6,9,-1,34
1700754,2025-10-15_18:03:02.756,ACKF,6,10,-1,35
1702918,2025-10-15_18:03:04.920,ACKF,6,11,-1,35
1705089,2025-10-15_18:03:06.091,ACKF,6,12,-1,35
1707253,2025-10-15_18:03:09.255,ACKF,6,13,-1,35
1709417,2025-10-15_18:03:11.419,ACKF,6,14,-1,35
1711588,2025-10-15_18:03:13.590,ACKF,6,15,-1,35
1713752,2025-10-15_18:03:15.754,ACKF,6,16,-1,35
1715923,2025-10-15_18:03:17.925,ACKF,6,17,-1,35
1718087,2025-10-15_18:03:19.089,ACKF,6,18,-1,35
1720251,2025-10-15_18:03:22.253,ACKF,6,19,-1,35
1722422,2025-10-15_18:03:24.424,ACKF,6,20,-1,35
1724586,2025-10-15_18:03:26.588,ACKF,6,21,-1,35
1726757,2025-10-15_18:03:28.759,ACKF,6,22,-1,35
1728921,2025-10-15_18:03:30.923,ACKF,6,23,-1,35
1731085,2025-10-15_18:03:32.087,ACKF,6,24,-1,35
1733256,2025-10-15_18:03:35.258,ACKF,6,25,-1,35
1735420,2025-10-15_18:03:37.422,ACKF,6,26,-1,35
1737591,2025-10-15_18:03:39.593,ACKF,6,27,-1,35
1739755,2025-10-15_18:03:41.757,ACKF,6,28,-1,35
1741919,2025-10-15_18:03:43.921,ACKF,6,29,-1,35
1744090,2025-10-15_18:03:45.092,ACKF,6,30,-1,35
1746254,2025-10-15_18:03:48.256,ACKF,6,31,-1,35
1748425,2025-10-15_18:03:50.427,ACKF,6,32,-1,35
1750589,2025-10-15_18:03:52.591,ACKF,6,33,-1,35
1752753,2025-10-15_18:03:54.755,ACKF,6,34,-1,35
1754924,2025-10-15_18:03:56.926,ACKF,6,35,-1,35
1757088,2025-10-15_18:03:58.090,ACKF,6,36,-1,35
1759259,2025-10-15_18:04:01.261,ACKF,6,37,-1,35
1761423,2025-10-15_18:04:03.425,ACKF,6,38,-1,35
1763587,2025-10-15_18:04:05.589,ACKF,6,39,-1,35
1765758,2025-10-15_18:04:07.760,ACKF,6,40,-1,35
1767922,2025-10-15_18:04:09.924,ACKF,6,41,-1,35
1770093,2025-10-15_18:04:11.095,ACKF,6,42,-1,35
1771597,2025-10-15_18:04:13.599,ACKF,6,43,-1,35
1772723,2025-10-15_18:04:14.725,ACK,6,-1,-1,41



1950123,2025-10-15_18:07:11.125,ACKF,7,0,-1,34
1952253,2025-10-15_18:07:14.255,ACKF,7,1,-1,34
1954382,2025-10-15_18:07:16.384,ACKF,7,2,-1,34
1956506,2025-10-15_18:07:18.508,ACKF,7,3,-1,34
1958630,2025-10-15_18:07:20.632,ACKF,7,4,-1,34
1960754,2025-10-15_18:07:22.756,ACKF,7,5,-1,34
1962884,2025-10-15_18:07:24.886,ACKF,7,6,-1,34
1965012,2025-10-15_18:07:26.014,ACKF,7,7,-1,34
1967136,2025-10-15_18:07:28.138,ACKF,7,8,-1,34
1969260,2025-10-15_18:07:31.262,ACKF,7,9,-1,34
1971425,2025-10-15_18:07:33.427,ACKF,7,10,-1,35
1973596,2025-10-15_18:07:35.598,ACKF,7,11,-1,35
1975767,2025-10-15_18:07:37.769,ACKF,7,12,-1,35
1977931,2025-10-15_18:07:39.933,ACKF,7,13,-1,35
1980095,2025-10-15_18:07:41.097,ACKF,7,14,-1,35
1982260,2025-10-15_18:07:44.262,ACKF,7,15,-1,35
1984431,2025-10-15_18:07:46.433,ACKF,7,16,-1,35
1986602,2025-10-15_18:07:48.604,ACKF,7,17,-1,35
1988766,2025-10-15_18:07:50.768,ACKF,7,18,-1,35
1990930,2025-10-15_18:07:52.932,ACKF,7,19,-1,35
1993095,2025-10-15_18:07:54.097,ACKF,7,20,-1,35
1995265,2025-10-15_18:07:57.267,ACKF,7,21,-1,35
1997435,2025-10-15_18:07:59.437,ACKF,7,22,-1,35
1999599,2025-10-15_18:08:01.601,ACKF,7,23,-1,35
2001763,2025-10-15_18:08:03.765,ACKF,7,24,-1,35
2003928,2025-10-15_18:08:05.930,ACKF,7,25,-1,35
2006098,2025-10-15_18:08:07.100,ACKF,7,26,-1,35
2008268,2025-10-15_18:08:10.270,ACKF,7,27,-1,35
2010432,2025-10-15_18:08:12.434,ACKF,7,28,-1,35
2012596,2025-10-15_18:08:14.598,ACKF,7,29,-1,35
2014761,2025-10-15_18:08:16.763,ACKF,7,30,-1,35
2016931,2025-10-15_18:08:18.933,ACKF,7,31,-1,35
2019101,2025-10-15_18:08:20.103,ACKF,7,32,-1,35
2021265,2025-10-15_18:08:23.267,ACKF,7,33,-1,35
2023429,2025-10-15_18:08:25.431,ACKF,7,34,-1,35
2025594,2025-10-15_18:08:27.596,ACKF,7,35,-1,35
2027764,2025-10-15_18:08:29.766,ACKF,7,36,-1,35
2029934,2025-10-15_18:08:31.936,ACKF,7,37,-1,35
2032098,2025-10-15_18:08:33.100,ACKF,7,38,-1,35
2034262,2025-10-15_18:08:36.264,ACKF,7,39,-1,35
2039086,2025-10-15_18:08:40.088,ACKF,7,40,-1,35
2041256,2025-10-15_18:08:43.258,ACKF,7,41,-1,35
2043426,2025-10-15_18:08:45.428,ACKF,7,42,-1,35
2044929,2025-10-15_18:08:46.931,ACKF,7,43,-1,35
2046055,2025-10-15_18:08:47.057,ACK,7,-1,-1,41


2062506,2025-10-15_18:09:04.508,ACKF,8,0,-1,34
2064629,2025-10-15_18:09:06.631,ACKF,8,1,-1,34
2066765,2025-10-15_18:09:08.767,ACKF,8,2,-1,34
2068888,2025-10-15_18:09:10.890,ACKF,8,3,-1,34
2071011,2025-10-15_18:09:12.013,ACKF,8,4,-1,34
2073135,2025-10-15_18:09:14.137,ACKF,8,5,-1,34
2075258,2025-10-15_18:09:17.260,ACKF,8,6,-1,34
2077393,2025-10-15_18:09:19.395,ACKF,8,7,-1,34
2079516,2025-10-15_18:09:21.518,ACKF,8,8,-1,34
2081639,2025-10-15_18:09:23.641,ACKF,8,9,-1,34
2083803,2025-10-15_18:09:25.805,ACKF,8,10,-1,35
2085967,2025-10-15_18:09:27.969,ACKF,8,11,-1,35
2088144,2025-10-15_18:09:29.146,ACKF,8,12,-1,35
2090308,2025-10-15_18:09:32.310,ACKF,8,13,-1,35
2092472,2025-10-15_18:09:34.474,ACKF,8,14,-1,35
2094636,2025-10-15_18:09:36.638,ACKF,8,15,-1,35
2096800,2025-10-15_18:09:38.802,ACKF,8,16,-1,35
2098977,2025-10-15_18:09:40.979,ACKF,8,17,-1,35
2101141,2025-10-15_18:09:42.143,ACKF,8,18,-1,35
2103305,2025-10-15_18:09:45.307,ACKF,8,19,-1,35
2105469,2025-10-15_18:09:47.471,ACKF,8,20,-1,35
2107633,2025-10-15_18:09:49.635,ACKF,8,21,-1,35
2109810,2025-10-15_18:09:51.812,ACKF,8,22,-1,35
2111974,2025-10-15_18:09:53.976,ACKF,8,23,-1,35
2114138,2025-10-15_18:09:55.140,ACKF,8,24,-1,35
2116302,2025-10-15_18:09:58.304,ACKF,8,25,-1,35
2118466,2025-10-15_18:10:00.468,ACKF,8,26,-1,35
2120643,2025-10-15_18:10:02.645,ACKF,8,27,-1,35
2122807,2025-10-15_18:10:04.809,ACKF,8,28,-1,35
2124971,2025-10-15_18:10:06.973,ACKF,8,29,-1,35
2127135,2025-10-15_18:10:08.137,ACKF,8,30,-1,35
2129299,2025-10-15_18:10:11.301,ACKF,8,31,-1,35
2131476,2025-10-15_18:10:13.478,ACKF,8,32,-1,35
2133640,2025-10-15_18:10:15.642,ACKF,8,33,-1,35
2135804,2025-10-15_18:10:17.806,ACKF,8,34,-1,35
2137968,2025-10-15_18:10:19.970,ACKF,8,35,-1,35
2140132,2025-10-15_18:10:21.134,ACKF,8,36,-1,35
2142309,2025-10-15_18:10:24.311,ACKF,8,37,-1,35
2144473,2025-10-15_18:10:26.475,ACKF,8,38,-1,35
2146637,2025-10-15_18:10:28.639,ACKF,8,39,-1,35
2148801,2025-10-15_18:10:30.803,ACKF,8,40,-1,35
2150965,2025-10-15_18:10:32.967,ACKF,8,41,-1,35
2153142,2025-10-15_18:10:34.144,ACKF,8,42,-1,35
2154645,2025-10-15_18:10:36.647,ACKF,8,43,-1,35
2155771,2025-10-15_18:10:37.773,ACK,8,-1,-1,41



2182843,2025-10-15_18:11:04.845,ACKF,9,0,-1,34
2185380,2025-10-15_18:11:07.382,ACKF,9,1,-1,34
2187923,2025-10-15_18:11:09.925,ACKF,9,2,-1,34
2190466,2025-10-15_18:11:12.468,ACKF,9,3,-1,34
2193003,2025-10-15_18:11:14.005,ACKF,9,4,-1,34
2195540,2025-10-15_18:11:17.542,ACKF,9,5,-1,34
2198076,2025-10-15_18:11:19.078,ACKF,9,6,-1,34
2200618,2025-10-15_18:11:22.620,ACKF,9,7,-1,34
2203161,2025-10-15_18:11:24.163,ACKF,9,8,-1,34
2205698,2025-10-15_18:11:27.700,ACKF,9,9,-1,34
2208276,2025-10-15_18:11:30.278,ACKF,9,10,-1,35
2210853,2025-10-15_18:11:32.855,ACKF,9,11,-1,35
2213436,2025-10-15_18:11:35.438,ACKF,9,12,-1,35
2216020,2025-10-15_18:11:37.022,ACKF,9,13,-1,35
2218597,2025-10-15_18:11:40.599,ACKF,9,14,-1,35
2221175,2025-10-15_18:11:42.177,ACKF,9,15,-1,35
2223752,2025-10-15_18:11:45.754,ACKF,9,16,-1,35
2226336,2025-10-15_18:11:48.338,ACKF,9,17,-1,35
2228920,2025-10-15_18:11:50.922,ACKF,9,18,-1,35
2231497,2025-10-15_18:11:53.499,ACKF,9,19,-1,35
2237144,2025-10-15_18:11:58.146,ACKF,9,20,-1,35
2239721,2025-10-15_18:12:01.723,ACKF,9,21,-1,35
2242305,2025-10-15_18:12:04.307,ACKF,9,22,-1,35
2244889,2025-10-15_18:12:06.891,ACKF,9,23,-1,35
2247466,2025-10-15_18:12:09.468,ACKF,9,24,-1,35
2250043,2025-10-15_18:12:11.045,ACKF,9,25,-1,35
2252620,2025-10-15_18:12:14.622,ACKF,9,26,-1,35
2255204,2025-10-15_18:12:17.206,ACKF,9,27,-1,35
2257788,2025-10-15_18:12:19.790,ACKF,9,28,-1,35
2260365,2025-10-15_18:12:22.367,ACKF,9,29,-1,35
2262942,2025-10-15_18:12:24.944,ACKF,9,30,-1,35
2265519,2025-10-15_18:12:27.521,ACKF,9,31,-1,35
2267442,2025-10-15_18:12:29.444,ACKF,9,32,-1,35
2268568,2025-10-15_18:12:30.570,ACK,9,-1,-1,41



2291633,2025-10-15_18:12:53.635,ACKF,10,0,-1,35
2294210,2025-10-15_18:12:56.212,ACKF,10,1,-1,35
2296787,2025-10-15_18:12:58.789,ACKF,10,2,-1,35
2299371,2025-10-15_18:13:01.373,ACKF,10,3,-1,35
2301948,2025-10-15_18:13:03.950,ACKF,10,4,-1,35
2304532,2025-10-15_18:13:06.534,ACKF,10,5,-1,35
2307109,2025-10-15_18:13:08.111,ACKF,10,6,-1,35
2309686,2025-10-15_18:13:11.688,ACKF,10,7,-1,35
2312270,2025-10-15_18:13:14.272,ACKF,10,8,-1,35
2314847,2025-10-15_18:13:16.849,ACKF,10,9,-1,35
2317472,2025-10-15_18:13:19.474,ACKF,10,10,-1,36
2320090,2025-10-15_18:13:21.092,ACKF,10,11,-1,36
2322708,2025-10-15_18:13:24.710,ACKF,10,12,-1,36
2325333,2025-10-15_18:13:27.335,ACKF,10,13,-1,36
2331069,2025-10-15_18:13:32.071,ACKF,10,14,-1,36
2333687,2025-10-15_18:13:35.689,ACKF,10,15,-1,36
2336305,2025-10-15_18:13:38.307,ACKF,10,16,-1,36
2338923,2025-10-15_18:13:40.925,ACKF,10,17,-1,36
2341548,2025-10-15_18:13:43.550,ACKF,10,18,-1,36
2344172,2025-10-15_18:13:45.174,ACKF,10,19,-1,36
2346790,2025-10-15_18:13:48.792,ACKF,10,20,-1,36
2349408,2025-10-15_18:13:51.410,ACKF,10,21,-1,36
2352026,2025-10-15_18:13:53.028,ACKF,10,22,-1,36
2354651,2025-10-15_18:13:56.653,ACKF,10,23,-1,36
2357276,2025-10-15_18:13:59.278,ACKF,10,24,-1,36
2359894,2025-10-15_18:14:01.896,ACKF,10,25,-1,36
2362512,2025-10-15_18:14:04.514,ACKF,10,26,-1,36
2365130,2025-10-15_18:14:06.132,ACKF,10,27,-1,36
2367755,2025-10-15_18:14:09.757,ACKF,10,28,-1,36
2370379,2025-10-15_18:14:12.381,ACKF,10,29,-1,36
2372997,2025-10-15_18:14:14.999,ACKF,10,30,-1,36
2375615,2025-10-15_18:14:17.617,ACKF,10,31,-1,36
2377532,2025-10-15_18:14:19.534,ACKF,10,32,-1,36
2378658,2025-10-15_18:14:20.661,ACK,10,-1,-1,42


2400575,2025-10-15_18:14:42.577,ACKF,11,0,-1,35
2403159,2025-10-15_18:14:44.161,ACKF,11,1,-1,35
2405737,2025-10-15_18:14:47.739,ACKF,11,2,-1,35
2408315,2025-10-15_18:14:50.317,ACKF,11,3,-1,35
2410899,2025-10-15_18:14:52.901,ACKF,11,4,-1,35
2413477,2025-10-15_18:14:55.479,ACKF,11,5,-1,35
2416061,2025-10-15_18:14:57.063,ACKF,11,6,-1,35
2418639,2025-10-15_18:15:00.641,ACKF,11,7,-1,35
2421217,2025-10-15_18:15:03.219,ACKF,11,8,-1,35
2423801,2025-10-15_18:15:05.803,ACKF,11,9,-1,35
2426419,2025-10-15_18:15:08.421,ACKF,11,10,-1,36
2429044,2025-10-15_18:15:10.046,ACKF,11,11,-1,36
2431663,2025-10-15_18:15:13.665,ACKF,11,12,-1,36
2434282,2025-10-15_18:15:16.284,ACKF,11,13,-1,36
2436907,2025-10-15_18:15:18.909,ACKF,11,14,-1,36
2439526,2025-10-15_18:15:21.528,ACKF,11,15,-1,36
2442151,2025-10-15_18:15:23.153,ACKF,11,16,-1,36
2444770,2025-10-15_18:15:26.772,ACKF,11,17,-1,36
2447389,2025-10-15_18:15:29.391,ACKF,11,18,-1,36
2450014,2025-10-15_18:15:31.016,ACKF,11,19,-1,36
2452633,2025-10-15_18:15:34.635,ACKF,11,20,-1,36
2455258,2025-10-15_18:15:37.260,ACKF,11,21,-1,36
2457877,2025-10-15_18:15:39.879,ACKF,11,22,-1,36
2460496,2025-10-15_18:15:42.498,ACKF,11,23,-1,36
2463121,2025-10-15_18:15:44.123,ACKF,11,24,-1,36
2465740,2025-10-15_18:15:47.742,ACKF,11,25,-1,36
2468365,2025-10-15_18:15:50.367,ACKF,11,26,-1,36
2470984,2025-10-15_18:15:52.986,ACKF,11,27,-1,36
2473603,2025-10-15_18:15:55.605,ACKF,11,28,-1,36
2476228,2025-10-15_18:15:58.230,ACKF,11,29,-1,36
2478847,2025-10-15_18:16:00.849,ACKF,11,30,-1,36
2481472,2025-10-15_18:16:03.474,ACKF,11,31,-1,36
2483388,2025-10-15_18:16:05.390,ACKF,11,32,-1,36
2484514,2025-10-15_18:16:06.516,ACK,11,-1,-1,42