time_ms,local_time,packet_type,sequence_no,fragment_idx,total_fragments,packet_size_bytes
167813,2025-10-15_19:03:54.818,MSGF,0,0,131,79
168048,2025-10-15_19:03:54.053,MSGF,0,1,131,79
168282,2025-10-15_19:03:54.287,MSGF,0,2,131,79
168516,2025-10-15_19:03:54.521,MSGF,0,3,131,79
168756,2025-10-15_19:03:55.761,MSGF,0,4,131,79
168990,2025-10-15_19:03:55.995,MSGF,0,5,131,79
169224,2025-10-15_19:03:55.229,MSGF,0,6,131,79
169458,2025-10-15_19:03:55.463,MSGF,0,7,131,79
169692,2025-10-15_19:03:56.697,MSGF,0,8,131,79
169936,2025-10-15_19:03:56.941,MSGF,0,9,131,79
170170,2025-10-15_19:03:56.175,MSGF,0,10,131,80
170404,2025-10-15_19:03:56.409,MSGF,0,11,131,80
170638,2025-10-15_19:03:57.643,MSGF,0,12,131,80
170872,2025-10-15_19:03:57.877,MSGF,0,13,131,80
171116,2025-10-15_19:03:57.121,MSGF,0,14,131,80
171350,2025-10-15_19:03:57.355,MSGF,0,15,131,80
171584,2025-10-15_19:03:58.589,MSGF,0,16,131,80
171818,2025-10-15_19:03:58.823,MSGF,0,17,131,80
172052,2025-10-15_19:03:58.057,MSGF,0,18,131,80
172296,2025-10-15_19:03:58.301,MSGF,0,19,131,80
172530,2025-10-15_19:03:58.535,MSGF,0,20,131,80
172764,2025-10-15_19:03:59.769,MSGF,0,21,131,80
172998,2025-10-15_19:03:59.003,MSGF,0,22,131,80
173232,2025-10-15_19:03:59.237,MSGF,0,23,131,80
173476,2025-10-15_19:03:59.481,MSGF,0,24,131,80
173710,2025-10-15_19:04:00.715,MSGF,0,25,131,80
173944,2025-10-15_19:04:00.949,MSGF,0,26,131,80
174178,2025-10-15_19:04:00.183,MSGF,0,27,131,80
174412,2025-10-15_19:04:00.417,MSGF,0,28,131,80
174656,2025-10-15_19:04:01.661,MSGF,0,29,131,80
174890,2025-10-15_19:04:01.895,MSGF,0,30,131,80
175124,2025-10-15_19:04:01.129,MSGF,0,31,131,80
175358,2025-10-15_19:04:01.363,MSGF,0,32,131,80
175592,2025-10-15_19:04:02.597,MSGF,0,33,131,80
175836,2025-10-15_19:04:02.841,MSGF,0,34,131,80
176070,2025-10-15_19:04:02.075,MSGF,0,35,131,80
176304,2025-10-15_19:04:02.309,MSGF,0,36,131,80
176538,2025-10-15_19:04:02.543,MSGF,0,37,131,80
176772,2025-10-15_19:04:03.777,MSGF,0,38,131,80
177016,2025-10-15_19:04:03.021,MSGF,0,39,131,80
177250,2025-10-15_19:04:03.255,MSGF,0,40,131,80
177484,2025-10-15_19:04:03.489,MSGF,0,41,131,80
177718,2025-10-15_19:04:04.723,MSGF,0,42,131,80
177952,2025-10-15_19:04:04.957,MSGF,0,43,131,80
178196,2025-10-15_19:04:04.201,MSGF,0,44,131,80
178430,2025-10-15_19:04:04.435,MSGF,0,45,131,80
178664,2025-10-15_19:04:05.669,MSGF,0,46,131,80
178898,2025-10-15_19:04:05.903,MSGF,0,47,131,80
179132,2025-10-15_19:04:05.137,MSGF,0,48,131,80
179376,2025-10-15_19:04:05.381,MSGF,0,49,131,80
179610,2025-10-15_19:04:06.615,MSGF,0,50,131,80
179844,2025-10-15_19:04:06.849,MSGF,0,51,131,80
180078,2025-10-15_19:04:06.083,MSGF,0,52,131,80
180312,2025-10-15_19:04:06.317,MSGF,0,53,131,80
180556,2025-10-15_19:04:07.561,MSGF,0,54,131,80
180790,2025-10-15_19:04:07.795,MSGF,0,55,131,80
181024,2025-10-15_19:04:07.029,MSGF,0,56,131,80
181258,2025-10-15_19:04:07.263,MSGF,0,57,131,80
181492,2025-10-15_19:04:07.497,MSGF,0,58,131,80
181736,2025-10-15_19:04:08.741,MSGF,0,59,131,80
181970,2025-10-15_19:04:08.975,MSGF,0,60,131,80
182204,2025-10-15_19:04:08.209,MSGF,0,61,131,80
182438,2025-10-15_19:04:08.443,MSGF,0,62,131,80
182672,2025-10-15_19:04:09.677,MSGF,0,63,131,80
182916,2025-10-15_19:04:09.921,MSGF,0,64,131,80
183150,2025-10-15_19:04:09.155,MSGF,0,65,131,80
183384,2025-10-15_19:04:09.389,MSGF,0,66,131,80
183618,2025-10-15_19:04:10.623,MSGF,0,67,131,80
183852,2025-10-15_19:04:10.857,MSGF,0,68,131,80
184096,2025-10-15_19:04:10.101,MSGF,0,69,131,80
184330,2025-10-15_19:04:10.335,MSGF,0,70,131,80
184564,2025-10-15_19:04:11.569,MSGF,0,71,131,80
184798,2025-10-15_19:04:11.803,MSGF,0,72,131,80
185032,2025-10-15_19:04:11.037,MSGF,0,73,131,80
185276,2025-10-15_19:04:11.281,MSGF,0,74,131,80
185510,2025-10-15_19:04:11.515,MSGF,0,75,131,80
185744,2025-10-15_19:04:12.749,MSGF,0,76,131,80
185978,2025-10-15_19:04:12.983,MSGF,0,77,131,80
186212,2025-10-15_19:04:12.217,MSGF,0,78,131,80
186456,2025-10-15_19:04:12.461,MSGF,0,79,131,80
186690,2025-10-15_19:04:13.695,MSGF,0,80,131,80
186924,2025-10-15_19:04:13.929,MSGF,0,81,131,80
187158,2025-10-15_19:04:13.163,MSGF,0,82,131,80
187392,2025-10-15_19:04:13.397,MSGF,0,83,131,80
187636,2025-10-15_19:04:14.641,MSGF,0,84,131,80
187870,2025-10-15_19:04:14.875,MSGF,0,85,131,80
188104,2025-10-15_19:04:14.109,MSGF,0,86,131,80
188338,2025-10-15_19:04:14.343,MSGF,0,87,131,80
188572,2025-10-15_19:04:15.577,MSGF,0,88,131,80
188816,2025-10-15_19:04:15.821,MSGF,0,89,131,80
189050,2025-10-15_19:04:15.055,MSGF,0,90,131,80
189284,2025-10-15_19:04:15.289,MSGF,0,91,131,80
189518,2025-10-15_19:04:15.523,MSGF,0,92,131,80
189752,2025-10-15_19:04:16.757,MSGF,0,93,131,80
189996,2025-10-15_19:04:16.001,MSGF,0,94,131,80
190230,2025-10-15_19:04:16.235,MSGF,0,95,131,80
190464,2025-10-15_19:04:16.469,MSGF,0,96,131,80
190698,2025-10-15_19:04:17.703,MSGF,0,97,131,80
190932,2025-10-15_19:04:17.937,MSGF,0,98,131,80
191176,2025-10-15_19:04:17.181,MSGF,0,99,131,80
191410,2025-10-15_19:04:17.415,MSGF,0,100,131,81
191644,2025-10-15_19:04:18.649,MSGF,0,101,131,81
191878,2025-10-15_19:04:18.883,MSGF,0,102,131,81
192112,2025-10-15_19:04:18.117,MSGF,0,103,131,81
192357,2025-10-15_19:04:18.362,MSGF,0,104,131,81
192591,2025-10-15_19:04:19.596,MSGF,0,105,131,81
192825,2025-10-15_19:04:19.830,MSGF,0,106,131,81
193059,2025-10-15_19:04:19.064,MSGF,0,107,131,81
193293,2025-10-15_19:04:19.298,MSGF,0,108,131,81
193538,2025-10-15_19:04:19.543,MSGF,0,109,131,81
193772,2025-10-15_19:04:20.777,MSGF,0,110,131,81
194006,2025-10-15_19:04:20.011,MSGF,0,111,131,81
194240,2025-10-15_19:04:20.245,MSGF,0,112,131,81
194474,2025-10-15_19:04:20.479,MSGF,0,113,131,81
194719,2025-10-15_19:04:21.724,MSGF,0,114,131,81
194953,2025-10-15_19:04:21.958,MSGF,0,115,131,81
195187,2025-10-15_19:04:21.192,MSGF,0,116,131,81
195421,2025-10-15_19:04:21.426,MSGF,0,117,131,81
195655,2025-10-15_19:04:22.660,MSGF,0,118,131,81
195901,2025-10-15_19:04:22.906,MSGF,0,119,131,81
196135,2025-10-15_19:04:22.140,MSGF,0,120,131,81
196369,2025-10-15_19:04:22.374,MSGF,0,121,131,81
196603,2025-10-15_19:04:23.608,MSGF,0,122,131,81
196837,2025-10-15_19:04:23.842,MSGF,0,123,131,81
197082,2025-10-15_19:04:23.087,MSGF,0,124,131,81
197316,2025-10-15_19:04:23.321,MSGF,0,125,131,81
197550,2025-10-15_19:04:24.555,MSGF,0,126,131,81
197784,2025-10-15_19:04:24.789,MSGF,0,127,131,81
198018,2025-10-15_19:04:24.023,MSGF,0,128,131,81
198263,2025-10-15_19:04:24.268,MSGF,0,129,131,81
198450,2025-10-15_19:04:24.453,MSGF,0,130,131,48



221287,2025-10-15_19:04:47.292,MSGF,1,0,131,79
221521,2025-10-15_19:04:47.526,MSGF,1,1,131,79
221761,2025-10-15_19:04:48.766,MSGF,1,2,131,79
222000,2025-10-15_19:04:48.005,MSGF,1,3,131,79
222234,2025-10-15_19:04:48.239,MSGF,1,4,131,79
222468,2025-10-15_19:04:48.473,MSGF,1,5,131,79
223629,2025-10-15_19:04:50.634,MSGF,1,5,131,79
223863,2025-10-15_19:04:50.868,MSGF,1,6,131,79
224107,2025-10-15_19:04:50.112,MSGF,1,7,131,79
224341,2025-10-15_19:04:50.346,MSGF,1,8,131,79
224575,2025-10-15_19:04:51.580,MSGF,1,9,131,79
224809,2025-10-15_19:04:51.814,MSGF,1,10,131,80
225043,2025-10-15_19:04:51.048,MSGF,1,11,131,80
225288,2025-10-15_19:04:51.293,MSGF,1,12,131,80
225522,2025-10-15_19:04:51.527,MSGF,1,13,131,80
225756,2025-10-15_19:04:52.761,MSGF,1,14,131,80
225990,2025-10-15_19:04:52.995,MSGF,1,15,131,80
226224,2025-10-15_19:04:52.229,MSGF,1,16,131,80
226469,2025-10-15_19:04:52.474,MSGF,1,17,131,80
226703,2025-10-15_19:04:53.708,MSGF,1,18,131,80
226937,2025-10-15_19:04:53.942,MSGF,1,19,131,80
227171,2025-10-15_19:04:53.176,MSGF,1,20,131,80
227405,2025-10-15_19:04:53.410,MSGF,1,21,131,80
227650,2025-10-15_19:04:54.655,MSGF,1,22,131,80
227884,2025-10-15_19:04:54.889,MSGF,1,23,131,80
228118,2025-10-15_19:04:54.123,MSGF,1,24,131,80
228352,2025-10-15_19:04:54.357,MSGF,1,25,131,80
228586,2025-10-15_19:04:55.591,MSGF,1,26,131,80
228831,2025-10-15_19:04:55.836,MSGF,1,27,131,80
229065,2025-10-15_19:04:55.070,MSGF,1,28,131,80
229299,2025-10-15_19:04:55.304,MSGF,1,29,131,80
229533,2025-10-15_19:04:55.538,MSGF,1,30,131,80
229767,2025-10-15_19:04:56.772,MSGF,1,31,131,80
230012,2025-10-15_19:04:56.017,MSGF,1,32,131,80
230246,2025-10-15_19:04:56.251,MSGF,1,33,131,80
230480,2025-10-15_19:04:56.485,MSGF,1,34,131,80
230714,2025-10-15_19:04:57.719,MSGF,1,35,131,80
230948,2025-10-15_19:04:57.953,MSGF,1,36,131,80
231193,2025-10-15_19:04:57.198,MSGF,1,37,131,80
231427,2025-10-15_19:04:57.432,MSGF,1,38,131,80
231661,2025-10-15_19:04:58.666,MSGF,1,39,131,80
231895,2025-10-15_19:04:58.900,MSGF,1,40,131,80
232129,2025-10-15_19:04:58.134,MSGF,1,41,131,80
232374,2025-10-15_19:04:58.379,MSGF,1,42,131,80
232608,2025-10-15_19:04:59.613,MSGF,1,43,131,80
232842,2025-10-15_19:04:59.847,MSGF,1,44,131,80
233076,2025-10-15_19:04:59.081,MSGF,1,45,131,80
233310,2025-10-15_19:04:59.315,MSGF,1,46,131,80
233555,2025-10-15_19:05:00.560,MSGF,1,47,131,80
233789,2025-10-15_19:05:00.794,MSGF,1,48,131,80
234023,2025-10-15_19:05:00.028,MSGF,1,49,131,80
234257,2025-10-15_19:05:00.262,MSGF,1,50,131,80
234491,2025-10-15_19:05:00.496,MSGF,1,51,131,80
234736,2025-10-15_19:05:01.741,MSGF,1,52,131,80
234970,2025-10-15_19:05:01.975,MSGF,1,53,131,80
235204,2025-10-15_19:05:01.209,MSGF,1,54,131,80
235438,2025-10-15_19:05:01.443,MSGF,1,55,131,80
235672,2025-10-15_19:05:02.677,MSGF,1,56,131,80
235917,2025-10-15_19:05:02.922,MSGF,1,57,131,80
236151,2025-10-15_19:05:02.156,MSGF,1,58,131,80
236385,2025-10-15_19:05:02.390,MSGF,1,59,131,80
236619,2025-10-15_19:05:03.624,MSGF,1,60,131,80
236853,2025-10-15_19:05:03.858,MSGF,1,61,131,80
237099,2025-10-15_19:05:03.104,MSGF,1,62,131,80
237333,2025-10-15_19:05:03.338,MSGF,1,63,131,80
237567,2025-10-15_19:05:04.572,MSGF,1,64,131,80
237801,2025-10-15_19:05:04.806,MSGF,1,65,131,80
238035,2025-10-15_19:05:04.040,MSGF,1,66,131,80
238280,2025-10-15_19:05:04.285,MSGF,1,67,131,80
238514,2025-10-15_19:05:04.519,MSGF,1,68,131,80
238748,2025-10-15_19:05:05.753,MSGF,1,69,131,80
238982,2025-10-15_19:05:05.987,MSGF,1,70,131,80
239216,2025-10-15_19:05:05.221,MSGF,1,71,131,80
239461,2025-10-15_19:05:05.466,MSGF,1,72,131,80
239695,2025-10-15_19:05:06.700,MSGF,1,73,131,80
239929,2025-10-15_19:05:06.934,MSGF,1,74,131,80
240163,2025-10-15_19:05:06.168,MSGF,1,75,131,80
240397,2025-10-15_19:05:06.402,MSGF,1,76,131,80
240642,2025-10-15_19:05:07.647,MSGF,1,77,131,80
240876,2025-10-15_19:05:07.881,MSGF,1,78,131,80
241110,2025-10-15_19:05:07.115,MSGF,1,79,131,80
241344,2025-10-15_19:05:07.349,MSGF,1,80,131,80
241578,2025-10-15_19:05:08.583,MSGF,1,81,131,80
241823,2025-10-15_19:05:08.828,MSGF,1,82,131,80
242057,2025-10-15_19:05:08.062,MSGF,1,83,131,80
242291,2025-10-15_19:05:08.296,MSGF,1,84,131,80
242525,2025-10-15_19:05:08.530,MSGF,1,85,131,80
242759,2025-10-15_19:05:09.764,MSGF,1,86,131,80
243003,2025-10-15_19:05:09.008,MSGF,1,87,131,80
243237,2025-10-15_19:05:09.242,MSGF,1,88,131,80
243471,2025-10-15_19:05:09.476,MSGF,1,89,131,80
243705,2025-10-15_19:05:10.710,MSGF,1,90,131,80
243939,2025-10-15_19:05:10.944,MSGF,1,91,131,80
244184,2025-10-15_19:05:10.189,MSGF,1,92,131,80
244418,2025-10-15_19:05:10.423,MSGF,1,93,131,80
244652,2025-10-15_19:05:11.657,MSGF,1,94,131,80
244886,2025-10-15_19:05:11.891,MSGF,1,95,131,80
245120,2025-10-15_19:05:11.125,MSGF,1,96,131,80
245366,2025-10-15_19:05:11.371,MSGF,1,97,131,80
245600,2025-10-15_19:05:12.605,MSGF,1,98,131,80
245834,2025-10-15_19:05:12.839,MSGF,1,99,131,80
246068,2025-10-15_19:05:12.073,MSGF,1,100,131,81
246302,2025-10-15_19:05:12.307,MSGF,1,101,131,81
246547,2025-10-15_19:05:13.552,MSGF,1,102,131,81
246781,2025-10-15_19:05:13.786,MSGF,1,103,131,81
247015,2025-10-15_19:05:13.020,MSGF,1,104,131,81
247249,2025-10-15_19:05:13.254,MSGF,1,105,131,81
247483,2025-10-15_19:05:13.488,MSGF,1,106,131,81
247729,2025-10-15_19:05:14.734,MSGF,1,107,131,81
247963,2025-10-15_19:05:14.968,MSGF,1,108,131,81
248197,2025-10-15_19:05:14.202,MSGF,1,109,131,81
248431,2025-10-15_19:05:14.436,MSGF,1,110,131,81
248665,2025-10-15_19:05:15.670,MSGF,1,111,131,81
248911,2025-10-15_19:05:15.916,MSGF,1,112,131,81
249145,2025-10-15_19:05:15.150,MSGF,1,113,131,81
249379,2025-10-15_19:05:15.384,MSGF,1,114,131,81
249613,2025-10-15_19:05:16.618,MSGF,1,115,131,81
249847,2025-10-15_19:05:16.852,MSGF,1,116,131,81
250093,2025-10-15_19:05:16.098,MSGF,1,117,131,81
250327,2025-10-15_19:05:16.332,MSGF,1,118,131,81
250561,2025-10-15_19:05:17.566,MSGF,1,119,131,81
250795,2025-10-15_19:05:17.800,MSGF,1,120,131,81
251029,2025-10-15_19:05:17.034,MSGF,1,121,131,81
251275,2025-10-15_19:05:17.280,MSGF,1,122,131,81
251509,2025-10-15_19:05:17.514,MSGF,1,123,131,81
251743,2025-10-15_19:05:18.748,MSGF,1,124,131,81
251977,2025-10-15_19:05:18.982,MSGF,1,125,131,81
252211,2025-10-15_19:05:18.216,MSGF,1,126,131,81
252457,2025-10-15_19:05:18.462,MSGF,1,127,131,81
252691,2025-10-15_19:05:19.696,MSGF,1,128,131,81
252925,2025-10-15_19:05:19.930,MSGF,1,129,131,81
253112,2025-10-15_19:05:19.115,MSGF,1,130,131,48



268494,2025-10-15_19:05:34.499,MSGF,2,0,131,79
268734,2025-10-15_19:05:35.739,MSGF,2,1,131,79
268968,2025-10-15_19:05:35.973,MSGF,2,2,131,79
269202,2025-10-15_19:05:35.207,MSGF,2,3,131,79
269436,2025-10-15_19:05:35.441,MSGF,2,4,131,79
269675,2025-10-15_19:05:36.680,MSGF,2,5,131,79
269914,2025-10-15_19:05:36.919,MSGF,2,6,131,79
270148,2025-10-15_19:05:36.153,MSGF,2,7,131,79
270382,2025-10-15_19:05:36.387,MSGF,2,8,131,79
270616,2025-10-15_19:05:37.621,MSGF,2,9,131,79
270856,2025-10-15_19:05:37.861,MSGF,2,10,131,80
271095,2025-10-15_19:05:37.100,MSGF,2,11,131,80
271329,2025-10-15_19:05:37.334,MSGF,2,12,131,80
271563,2025-10-15_19:05:38.568,MSGF,2,13,131,80
271797,2025-10-15_19:05:38.802,MSGF,2,14,131,80
272037,2025-10-15_19:05:38.042,MSGF,2,15,131,80
272276,2025-10-15_19:05:38.281,MSGF,2,16,131,80
272510,2025-10-15_19:05:38.515,MSGF,2,17,131,80
272744,2025-10-15_19:05:39.749,MSGF,2,18,131,80
272978,2025-10-15_19:05:39.983,MSGF,2,19,131,80
273218,2025-10-15_19:05:39.223,MSGF,2,20,131,80
273457,2025-10-15_19:05:39.462,MSGF,2,21,131,80
273691,2025-10-15_19:05:40.696,MSGF,2,22,131,80
273925,2025-10-15_19:05:40.930,MSGF,2,23,131,80
274159,2025-10-15_19:05:40.164,MSGF,2,24,131,80
274399,2025-10-15_19:05:40.404,MSGF,2,25,131,80
274638,2025-10-15_19:05:41.643,MSGF,2,26,131,80
274872,2025-10-15_19:05:41.877,MSGF,2,27,131,80
275106,2025-10-15_19:05:41.111,MSGF,2,28,131,80
275340,2025-10-15_19:05:41.345,MSGF,2,29,131,80
275580,2025-10-15_19:05:42.585,MSGF,2,30,131,80
275819,2025-10-15_19:05:42.824,MSGF,2,31,131,80
276053,2025-10-15_19:05:42.058,MSGF,2,32,131,80
276287,2025-10-15_19:05:42.292,MSGF,2,33,131,80
276521,2025-10-15_19:05:42.526,MSGF,2,34,131,80
276761,2025-10-15_19:05:43.766,MSGF,2,35,131,80
277000,2025-10-15_19:05:43.005,MSGF,2,36,131,80
277234,2025-10-15_19:05:43.239,MSGF,2,37,131,80
277468,2025-10-15_19:05:43.473,MSGF,2,38,131,80
277702,2025-10-15_19:05:44.707,MSGF,2,39,131,80
277942,2025-10-15_19:05:44.947,MSGF,2,40,131,80
278181,2025-10-15_19:05:44.186,MSGF,2,41,131,80
278415,2025-10-15_19:05:44.420,MSGF,2,42,131,80
278649,2025-10-15_19:05:45.654,MSGF,2,43,131,80
278883,2025-10-15_19:05:45.888,MSGF,2,44,131,80
279123,2025-10-15_19:05:45.128,MSGF,2,45,131,80
279362,2025-10-15_19:05:45.367,MSGF,2,46,131,80
279596,2025-10-15_19:05:46.601,MSGF,2,47,131,80
279830,2025-10-15_19:05:46.835,MSGF,2,48,131,80
280064,2025-10-15_19:05:46.069,MSGF,2,49,131,80
280304,2025-10-15_19:05:46.309,MSGF,2,50,131,80
280543,2025-10-15_19:05:47.548,MSGF,2,51,131,80
280777,2025-10-15_19:05:47.782,MSGF,2,52,131,80
281011,2025-10-15_19:05:47.016,MSGF,2,53,131,80
281245,2025-10-15_19:05:47.250,MSGF,2,54,131,80
281485,2025-10-15_19:05:47.490,MSGF,2,55,131,80
281724,2025-10-15_19:05:48.729,MSGF,2,56,131,80
281958,2025-10-15_19:05:48.963,MSGF,2,57,131,80
282192,2025-10-15_19:05:48.197,MSGF,2,58,131,80
282426,2025-10-15_19:05:48.431,MSGF,2,59,131,80
282666,2025-10-15_19:05:49.671,MSGF,2,60,131,80
282905,2025-10-15_19:05:49.910,MSGF,2,61,131,80
283139,2025-10-15_19:05:49.144,MSGF,2,62,131,80
283373,2025-10-15_19:05:49.378,MSGF,2,63,131,80
283607,2025-10-15_19:05:50.612,MSGF,2,64,131,80
283847,2025-10-15_19:05:50.852,MSGF,2,65,131,80
284086,2025-10-15_19:05:50.091,MSGF,2,66,131,80
284320,2025-10-15_19:05:50.325,MSGF,2,67,131,80
284554,2025-10-15_19:05:51.559,MSGF,2,68,131,80
284788,2025-10-15_19:05:51.793,MSGF,2,69,131,80
285028,2025-10-15_19:05:51.033,MSGF,2,70,131,80
285267,2025-10-15_19:05:51.272,MSGF,2,71,131,80
285501,2025-10-15_19:05:51.506,MSGF,2,72,131,80
285735,2025-10-15_19:05:52.740,MSGF,2,73,131,80
285969,2025-10-15_19:05:52.974,MSGF,2,74,131,80
286209,2025-10-15_19:05:52.214,MSGF,2,75,131,80
286448,2025-10-15_19:05:52.453,MSGF,2,76,131,80
286682,2025-10-15_19:05:53.687,MSGF,2,77,131,80
286916,2025-10-15_19:05:53.921,MSGF,2,78,131,80
287150,2025-10-15_19:05:53.155,MSGF,2,79,131,80
287390,2025-10-15_19:05:53.395,MSGF,2,80,131,80
287629,2025-10-15_19:05:54.634,MSGF,2,81,131,80
287863,2025-10-15_19:05:54.868,MSGF,2,82,131,80
288097,2025-10-15_19:05:54.102,MSGF,2,83,131,80
288331,2025-10-15_19:05:54.336,MSGF,2,84,131,80
288571,2025-10-15_19:05:55.576,MSGF,2,85,131,80
288810,2025-10-15_19:05:55.815,MSGF,2,86,131,80
289044,2025-10-15_19:05:55.049,MSGF,2,87,131,80
289278,2025-10-15_19:05:55.283,MSGF,2,88,131,80
289512,2025-10-15_19:05:55.517,MSGF,2,89,131,80
289751,2025-10-15_19:05:56.756,MSGF,2,90,131,80
289990,2025-10-15_19:05:56.995,MSGF,2,91,131,80
290224,2025-10-15_19:05:56.229,MSGF,2,92,131,80
290458,2025-10-15_19:05:56.463,MSGF,2,93,131,80
290692,2025-10-15_19:05:57.697,MSGF,2,94,131,80
290932,2025-10-15_19:05:57.937,MSGF,2,95,131,80
291171,2025-10-15_19:05:57.176,MSGF,2,96,131,80
291405,2025-10-15_19:05:57.410,MSGF,2,97,131,80
291639,2025-10-15_19:05:58.644,MSGF,2,98,131,80
291873,2025-10-15_19:05:58.878,MSGF,2,99,131,80
292113,2025-10-15_19:05:58.118,MSGF,2,100,131,81
292353,2025-10-15_19:05:58.358,MSGF,2,101,131,81
292587,2025-10-15_19:05:59.592,MSGF,2,102,131,81
292821,2025-10-15_19:05:59.826,MSGF,2,103,131,81
293055,2025-10-15_19:05:59.060,MSGF,2,104,131,81
293295,2025-10-15_19:05:59.300,MSGF,2,105,131,81
293535,2025-10-15_19:05:59.540,MSGF,2,106,131,81
293769,2025-10-15_19:06:00.774,MSGF,2,107,131,81
294003,2025-10-15_19:06:00.008,MSGF,2,108,131,81
294237,2025-10-15_19:06:00.242,MSGF,2,109,131,81
294477,2025-10-15_19:06:00.482,MSGF,2,110,131,81
294717,2025-10-15_19:06:01.722,MSGF,2,111,131,81
294951,2025-10-15_19:06:01.956,MSGF,2,112,131,81
295185,2025-10-15_19:06:01.190,MSGF,2,113,131,81
295419,2025-10-15_19:06:01.424,MSGF,2,114,131,81
295659,2025-10-15_19:06:02.664,MSGF,2,115,131,81
295899,2025-10-15_19:06:02.904,MSGF,2,116,131,81
296133,2025-10-15_19:06:02.138,MSGF,2,117,131,81
296367,2025-10-15_19:06:02.372,MSGF,2,118,131,81
296601,2025-10-15_19:06:03.606,MSGF,2,119,131,81
296841,2025-10-15_19:06:03.846,MSGF,2,120,131,81
297081,2025-10-15_19:06:03.086,MSGF,2,121,131,81
297315,2025-10-15_19:06:03.320,MSGF,2,122,131,81
297549,2025-10-15_19:06:04.554,MSGF,2,123,131,81
297783,2025-10-15_19:06:04.788,MSGF,2,124,131,81
298023,2025-10-15_19:06:04.028,MSGF,2,125,131,81
298263,2025-10-15_19:06:04.268,MSGF,2,126,131,81
298497,2025-10-15_19:06:04.502,MSGF,2,127,131,81
298731,2025-10-15_19:06:05.736,MSGF,2,128,131,81
298965,2025-10-15_19:06:05.970,MSGF,2,129,131,81
299158,2025-10-15_19:06:05.161,MSGF,2,130,131,48



334942,2025-10-15_19:06:41.950,MSGF,3,0,66,128
335250,2025-10-15_19:06:41.257,MSGF,3,1,66,128
335558,2025-10-15_19:06:42.565,MSGF,3,2,66,128
335872,2025-10-15_19:06:42.879,MSGF,3,3,66,128
336180,2025-10-15_19:06:42.187,MSGF,3,4,66,128
336494,2025-10-15_19:06:42.501,MSGF,3,5,66,128
336802,2025-10-15_19:06:43.809,MSGF,3,6,66,128
337110,2025-10-15_19:06:43.117,MSGF,3,7,66,128
337424,2025-10-15_19:06:43.431,MSGF,3,8,66,128
337732,2025-10-15_19:06:44.739,MSGF,3,9,66,128
338046,2025-10-15_19:06:44.053,MSGF,3,10,66,129
338354,2025-10-15_19:06:44.361,MSGF,3,11,66,129
338662,2025-10-15_19:06:45.670,MSGF,3,12,66,129
338976,2025-10-15_19:06:45.983,MSGF,3,13,66,129
339284,2025-10-15_19:06:45.291,MSGF,3,14,66,129
339599,2025-10-15_19:06:46.606,MSGF,3,15,66,129
339907,2025-10-15_19:06:46.914,MSGF,3,16,66,129
340215,2025-10-15_19:06:46.223,MSGF,3,17,66,129
340529,2025-10-15_19:06:46.536,MSGF,3,18,66,129
340837,2025-10-15_19:06:47.844,MSGF,3,19,66,129
341152,2025-10-15_19:06:47.159,MSGF,3,20,66,129
341460,2025-10-15_19:06:47.467,MSGF,3,21,66,129
341768,2025-10-15_19:06:48.776,MSGF,3,22,66,129
342082,2025-10-15_19:06:48.089,MSGF,3,23,66,129
342390,2025-10-15_19:06:48.397,MSGF,3,24,66,129
342705,2025-10-15_19:06:49.712,MSGF,3,25,66,129
343013,2025-10-15_19:06:49.020,MSGF,3,26,66,129
343321,2025-10-15_19:06:49.329,MSGF,3,27,66,129
343635,2025-10-15_19:06:50.642,MSGF,3,28,66,129
343943,2025-10-15_19:06:50.950,MSGF,3,29,66,129
344258,2025-10-15_19:06:50.265,MSGF,3,30,66,129
344566,2025-10-15_19:06:51.573,MSGF,3,31,66,129
344874,2025-10-15_19:06:51.882,MSGF,3,32,66,129
345188,2025-10-15_19:06:51.195,MSGF,3,33,66,129
345496,2025-10-15_19:06:51.503,MSGF,3,34,66,129
345811,2025-10-15_19:06:52.818,MSGF,3,35,66,129
346119,2025-10-15_19:06:52.126,MSGF,3,36,66,129
346427,2025-10-15_19:06:52.435,MSGF,3,37,66,129
346741,2025-10-15_19:06:53.748,MSGF,3,38,66,129
347049,2025-10-15_19:06:53.056,MSGF,3,39,66,129
347364,2025-10-15_19:06:53.371,MSGF,3,40,66,129
347672,2025-10-15_19:06:54.679,MSGF,3,41,66,129
347980,2025-10-15_19:06:54.988,MSGF,3,42,66,129
348294,2025-10-15_19:06:54.301,MSGF,3,43,66,129
348602,2025-10-15_19:06:55.609,MSGF,3,44,66,129
348917,2025-10-15_19:06:55.924,MSGF,3,45,66,129
349225,2025-10-15_19:06:55.232,MSGF,3,46,66,129
349533,2025-10-15_19:06:55.541,MSGF,3,47,66,129
349847,2025-10-15_19:06:56.854,MSGF,3,48,66,129
350155,2025-10-15_19:06:56.162,MSGF,3,49,66,129
350470,2025-10-15_19:06:56.477,MSGF,3,50,66,129
350778,2025-10-15_19:06:57.785,MSGF,3,51,66,129
351086,2025-10-15_19:06:57.094,MSGF,3,52,66,129
351400,2025-10-15_19:06:57.407,MSGF,3,53,66,129
351708,2025-10-15_19:06:58.715,MSGF,3,54,66,129
352023,2025-10-15_19:06:58.030,MSGF,3,55,66,129
352331,2025-10-15_19:06:58.338,MSGF,3,56,66,129
352639,2025-10-15_19:06:59.647,MSGF,3,57,66,129
352953,2025-10-15_19:06:59.960,MSGF,3,58,66,129
353261,2025-10-15_19:06:59.268,MSGF,3,59,66,129
353576,2025-10-15_19:07:00.583,MSGF,3,60,66,129
353884,2025-10-15_19:07:00.891,MSGF,3,61,66,129
354192,2025-10-15_19:07:00.200,MSGF,3,62,66,129
354506,2025-10-15_19:07:00.513,MSGF,3,63,66,129
354814,2025-10-15_19:07:01.821,MSGF,3,64,66,129
355003,2025-10-15_19:07:01.006,MSGF,3,65,66,46


367688,2025-10-15_19:07:14.696,MSGF,4,0,66,128
368003,2025-10-15_19:07:14.010,MSGF,4,1,66,128
368311,2025-10-15_19:07:14.318,MSGF,4,2,66,128
368619,2025-10-15_19:07:15.626,MSGF,4,3,66,128
368933,2025-10-15_19:07:15.940,MSGF,4,4,66,128
369241,2025-10-15_19:07:15.248,MSGF,4,5,66,128
369555,2025-10-15_19:07:16.562,MSGF,4,6,66,128
369863,2025-10-15_19:07:16.870,MSGF,4,7,66,128
370171,2025-10-15_19:07:16.178,MSGF,4,8,66,128
370485,2025-10-15_19:07:16.492,MSGF,4,9,66,128
370793,2025-10-15_19:07:17.801,MSGF,4,10,66,129
371107,2025-10-15_19:07:17.114,MSGF,4,11,66,129
371415,2025-10-15_19:07:17.422,MSGF,4,12,66,129
371723,2025-10-15_19:07:18.730,MSGF,4,13,66,129
372038,2025-10-15_19:07:18.045,MSGF,4,14,66,129
372346,2025-10-15_19:07:18.354,MSGF,4,15,66,129
372660,2025-10-15_19:07:19.667,MSGF,4,16,66,129
372968,2025-10-15_19:07:19.975,MSGF,4,17,66,129
373276,2025-10-15_19:07:19.283,MSGF,4,18,66,129
373591,2025-10-15_19:07:20.598,MSGF,4,19,66,129
373899,2025-10-15_19:07:20.907,MSGF,4,20,66,129
374213,2025-10-15_19:07:20.220,MSGF,4,21,66,129
374521,2025-10-15_19:07:20.528,MSGF,4,22,66,129
374829,2025-10-15_19:07:21.836,MSGF,4,23,66,129
375144,2025-10-15_19:07:21.151,MSGF,4,24,66,129
375452,2025-10-15_19:07:21.460,MSGF,4,25,66,129
375766,2025-10-15_19:07:22.773,MSGF,4,26,66,129
376074,2025-10-15_19:07:22.081,MSGF,4,27,66,129
376382,2025-10-15_19:07:22.389,MSGF,4,28,66,129
376697,2025-10-15_19:07:23.704,MSGF,4,29,66,129
377005,2025-10-15_19:07:23.013,MSGF,4,30,66,129
377319,2025-10-15_19:07:23.326,MSGF,4,31,66,129
377627,2025-10-15_19:07:24.634,MSGF,4,32,66,129
377935,2025-10-15_19:07:24.942,MSGF,4,33,66,129
378250,2025-10-15_19:07:24.257,MSGF,4,34,66,129
378558,2025-10-15_19:07:25.566,MSGF,4,35,66,129
378872,2025-10-15_19:07:25.879,MSGF,4,36,66,129
379180,2025-10-15_19:07:25.187,MSGF,4,37,66,129
379488,2025-10-15_19:07:25.495,MSGF,4,38,66,129
379803,2025-10-15_19:07:26.810,MSGF,4,39,66,129
380111,2025-10-15_19:07:26.119,MSGF,4,40,66,129
380425,2025-10-15_19:07:26.432,MSGF,4,41,66,129
380733,2025-10-15_19:07:27.740,MSGF,4,42,66,129
381041,2025-10-15_19:07:27.048,MSGF,4,43,66,129
381356,2025-10-15_19:07:27.363,MSGF,4,44,66,129
381664,2025-10-15_19:07:28.672,MSGF,4,45,66,129
381978,2025-10-15_19:07:28.985,MSGF,4,46,66,129
382286,2025-10-15_19:07:28.293,MSGF,4,47,66,129
382594,2025-10-15_19:07:29.601,MSGF,4,48,66,129
382909,2025-10-15_19:07:29.916,MSGF,4,49,66,129
383217,2025-10-15_19:07:29.225,MSGF,4,50,66,129
383531,2025-10-15_19:07:29.538,MSGF,4,51,66,129
383839,2025-10-15_19:07:30.846,MSGF,4,52,66,129
384147,2025-10-15_19:07:30.154,MSGF,4,53,66,129
384462,2025-10-15_19:07:30.469,MSGF,4,54,66,129
384770,2025-10-15_19:07:31.778,MSGF,4,55,66,129
385084,2025-10-15_19:07:31.091,MSGF,4,56,66,129
385392,2025-10-15_19:07:31.399,MSGF,4,57,66,129
385700,2025-10-15_19:07:32.707,MSGF,4,58,66,129
386015,2025-10-15_19:07:32.022,MSGF,4,59,66,129
386323,2025-10-15_19:07:32.331,MSGF,4,60,66,129
386637,2025-10-15_19:07:33.644,MSGF,4,61,66,129
386945,2025-10-15_19:07:33.952,MSGF,4,62,66,129
387253,2025-10-15_19:07:33.260,MSGF,4,63,66,129
387568,2025-10-15_19:07:34.575,MSGF,4,64,66,129
387752,2025-10-15_19:07:34.755,MSGF,4,65,66,46



402031,2025-10-15_19:07:48.039,MSGF,5,0,66,128
402339,2025-10-15_19:07:48.346,MSGF,5,1,66,128
402647,2025-10-15_19:07:49.654,MSGF,5,2,66,128
402965,2025-10-15_19:07:49.972,MSGF,5,3,66,128
403279,2025-10-15_19:07:49.286,MSGF,5,4,66,128
403587,2025-10-15_19:07:50.594,MSGF,5,5,66,128
403895,2025-10-15_19:07:50.902,MSGF,5,6,66,128
404203,2025-10-15_19:07:50.210,MSGF,5,7,66,128
404519,2025-10-15_19:07:50.526,MSGF,5,8,66,128
404836,2025-10-15_19:07:51.843,MSGF,5,9,66,128
405144,2025-10-15_19:07:51.151,MSGF,5,10,66,129
405452,2025-10-15_19:07:51.459,MSGF,5,11,66,129
405760,2025-10-15_19:07:52.767,MSGF,5,12,66,129
406076,2025-10-15_19:07:52.084,MSGF,5,13,66,129
406391,2025-10-15_19:07:52.398,MSGF,5,14,66,129
406699,2025-10-15_19:07:53.706,MSGF,5,15,66,129
407007,2025-10-15_19:07:53.014,MSGF,5,16,66,129
407315,2025-10-15_19:07:53.322,MSGF,5,17,66,129
407631,2025-10-15_19:07:54.639,MSGF,5,18,66,129
407946,2025-10-15_19:07:54.953,MSGF,5,19,66,129
408254,2025-10-15_19:07:54.261,MSGF,5,20,66,129
408562,2025-10-15_19:07:55.569,MSGF,5,21,66,129
408870,2025-10-15_19:07:55.877,MSGF,5,22,66,129
409186,2025-10-15_19:07:55.194,MSGF,5,23,66,129
409501,2025-10-15_19:07:55.508,MSGF,5,24,66,129
409809,2025-10-15_19:07:56.816,MSGF,5,25,66,129
410117,2025-10-15_19:07:56.124,MSGF,5,26,66,129
410425,2025-10-15_19:07:56.432,MSGF,5,27,66,129
410741,2025-10-15_19:07:57.749,MSGF,5,28,66,129
411056,2025-10-15_19:07:57.063,MSGF,5,29,66,129
411364,2025-10-15_19:07:57.371,MSGF,5,30,66,129
411672,2025-10-15_19:07:58.679,MSGF,5,31,66,129
411980,2025-10-15_19:07:58.987,MSGF,5,32,66,129
412296,2025-10-15_19:07:58.304,MSGF,5,33,66,129
412611,2025-10-15_19:07:59.618,MSGF,5,34,66,129
412920,2025-10-15_19:07:59.927,MSGF,5,35,66,129
413228,2025-10-15_19:07:59.235,MSGF,5,36,66,129
413536,2025-10-15_19:07:59.543,MSGF,5,37,66,129
413852,2025-10-15_19:08:00.860,MSGF,5,38,66,129
414167,2025-10-15_19:08:00.174,MSGF,5,39,66,129
414475,2025-10-15_19:08:00.482,MSGF,5,40,66,129
414784,2025-10-15_19:08:01.791,MSGF,5,41,66,129
415092,2025-10-15_19:08:01.099,MSGF,5,42,66,129
415408,2025-10-15_19:08:01.416,MSGF,5,43,66,129
415723,2025-10-15_19:08:02.730,MSGF,5,44,66,129
416032,2025-10-15_19:08:02.039,MSGF,5,45,66,129
416340,2025-10-15_19:08:02.347,MSGF,5,46,66,129
416648,2025-10-15_19:08:03.655,MSGF,5,47,66,129
416964,2025-10-15_19:08:03.972,MSGF,5,48,66,129
417279,2025-10-15_19:08:03.286,MSGF,5,49,66,129
417587,2025-10-15_19:08:04.594,MSGF,5,50,66,129
417895,2025-10-15_19:08:04.902,MSGF,5,51,66,129
418204,2025-10-15_19:08:04.211,MSGF,5,52,66,129
418520,2025-10-15_19:08:04.528,MSGF,5,53,66,129
418834,2025-10-15_19:08:05.841,MSGF,5,54,66,129
419143,2025-10-15_19:08:05.150,MSGF,5,55,66,129
419451,2025-10-15_19:08:05.458,MSGF,5,56,66,129
419759,2025-10-15_19:08:06.766,MSGF,5,57,66,129
420075,2025-10-15_19:08:06.083,MSGF,5,58,66,129
420388,2025-10-15_19:08:06.395,MSGF,5,59,66,129
420697,2025-10-15_19:08:07.704,MSGF,5,60,66,129
421006,2025-10-15_19:08:07.013,MSGF,5,61,66,129
421315,2025-10-15_19:08:07.322,MSGF,5,62,66,129
421631,2025-10-15_19:08:08.639,MSGF,5,63,66,129
421946,2025-10-15_19:08:08.953,MSGF,5,64,66,129
422130,2025-10-15_19:08:08.133,MSGF,5,65,66,46


436833,2025-10-15_19:08:23.843,MSGF,6,0,44,178
437217,2025-10-15_19:08:23.227,MSGF,6,1,44,178
437613,2025-10-15_19:08:24.623,MSGF,6,2,44,178
437996,2025-10-15_19:08:24.006,MSGF,6,3,44,178
438379,2025-10-15_19:08:24.389,MSGF,6,4,44,178
438762,2025-10-15_19:08:25.772,MSGF,6,5,44,178
439145,2025-10-15_19:08:25.155,MSGF,6,6,44,178
439541,2025-10-15_19:08:26.551,MSGF,6,7,44,178
439924,2025-10-15_19:08:26.934,MSGF,6,8,44,178
440307,2025-10-15_19:08:26.317,MSGF,6,9,44,178
440690,2025-10-15_19:08:27.700,MSGF,6,10,44,179
441073,2025-10-15_19:08:27.083,MSGF,6,11,44,179
441470,2025-10-15_19:08:27.480,MSGF,6,12,44,179
441854,2025-10-15_19:08:28.864,MSGF,6,13,44,179
442237,2025-10-15_19:08:28.247,MSGF,6,14,44,179
442620,2025-10-15_19:08:29.630,MSGF,6,15,44,179
443003,2025-10-15_19:08:29.013,MSGF,6,16,44,179
443401,2025-10-15_19:08:29.411,MSGF,6,17,44,179
443785,2025-10-15_19:08:30.795,MSGF,6,18,44,179
444168,2025-10-15_19:08:30.178,MSGF,6,19,44,179
444551,2025-10-15_19:08:31.561,MSGF,6,20,44,179
444934,2025-10-15_19:08:31.944,MSGF,6,21,44,179
445332,2025-10-15_19:08:31.342,MSGF,6,22,44,179
445716,2025-10-15_19:08:32.726,MSGF,6,23,44,179
446099,2025-10-15_19:08:32.109,MSGF,6,24,44,179
446482,2025-10-15_19:08:32.492,MSGF,6,25,44,179
446865,2025-10-15_19:08:33.875,MSGF,6,26,44,179
447263,2025-10-15_19:08:33.273,MSGF,6,27,44,179
447647,2025-10-15_19:08:34.657,MSGF,6,28,44,179
448030,2025-10-15_19:08:34.040,MSGF,6,29,44,179
448413,2025-10-15_19:08:34.423,MSGF,6,30,44,179
448796,2025-10-15_19:08:35.806,MSGF,6,31,44,179
449193,2025-10-15_19:08:35.203,MSGF,6,32,44,179
449577,2025-10-15_19:08:36.587,MSGF,6,33,44,179
449960,2025-10-15_19:08:36.970,MSGF,6,34,44,179
450343,2025-10-15_19:08:36.353,MSGF,6,35,44,179
450726,2025-10-15_19:08:37.736,MSGF,6,36,44,179
451123,2025-10-15_19:08:37.133,MSGF,6,37,44,179
451507,2025-10-15_19:08:37.517,MSGF,6,38,44,179
451890,2025-10-15_19:08:38.900,MSGF,6,39,44,179
452273,2025-10-15_19:08:38.283,MSGF,6,40,44,179
452656,2025-10-15_19:08:39.666,MSGF,6,41,44,179
453054,2025-10-15_19:08:39.064,MSGF,6,42,44,179
453314,2025-10-15_19:08:39.320,MSGF,6,43,44,96



469503,2025-10-15_19:08:55.513,MSGF,7,0,44,178
469886,2025-10-15_19:08:56.896,MSGF,7,1,44,178
470277,2025-10-15_19:08:56.287,MSGF,7,2,44,178
470666,2025-10-15_19:08:57.676,MSGF,7,3,44,178
471049,2025-10-15_19:08:57.059,MSGF,7,4,44,178
471432,2025-10-15_19:08:57.442,MSGF,7,5,44,178
471815,2025-10-15_19:08:58.825,MSGF,7,6,44,178
472206,2025-10-15_19:08:58.216,MSGF,7,7,44,178
472593,2025-10-15_19:08:59.603,MSGF,7,8,44,178
472976,2025-10-15_19:08:59.986,MSGF,7,9,44,178
473359,2025-10-15_19:08:59.369,MSGF,7,10,44,179
473742,2025-10-15_19:09:00.752,MSGF,7,11,44,179
474133,2025-10-15_19:09:00.143,MSGF,7,12,44,179
474522,2025-10-15_19:09:00.532,MSGF,7,13,44,179
474905,2025-10-15_19:09:01.915,MSGF,7,14,44,179
475288,2025-10-15_19:09:01.298,MSGF,7,15,44,179
475671,2025-10-15_19:09:02.681,MSGF,7,16,44,179
476062,2025-10-15_19:09:02.072,MSGF,7,17,44,179
476452,2025-10-15_19:09:02.462,MSGF,7,18,44,179
476835,2025-10-15_19:09:03.845,MSGF,7,19,44,179
477218,2025-10-15_19:09:03.228,MSGF,7,20,44,179
477601,2025-10-15_19:09:04.611,MSGF,7,21,44,179
477992,2025-10-15_19:09:04.002,MSGF,7,22,44,179
478382,2025-10-15_19:09:04.392,MSGF,7,23,44,179
478765,2025-10-15_19:09:05.775,MSGF,7,24,44,179
479148,2025-10-15_19:09:05.158,MSGF,7,25,44,179
479531,2025-10-15_19:09:05.541,MSGF,7,26,44,179
479922,2025-10-15_19:09:06.932,MSGF,7,27,44,179
480311,2025-10-15_19:09:06.321,MSGF,7,28,44,179
480694,2025-10-15_19:09:07.704,MSGF,7,29,44,179
481077,2025-10-15_19:09:07.087,MSGF,7,30,44,179
481460,2025-10-15_19:09:07.470,MSGF,7,31,44,179
481851,2025-10-15_19:09:08.861,MSGF,7,32,44,179
482240,2025-10-15_19:09:08.250,MSGF,7,33,44,179
482623,2025-10-15_19:09:09.633,MSGF,7,34,44,179
483006,2025-10-15_19:09:09.016,MSGF,7,35,44,179
483389,2025-10-15_19:09:09.399,MSGF,7,36,44,179
483780,2025-10-15_19:09:10.790,MSGF,7,37,44,179
484169,2025-10-15_19:09:10.179,MSGF,7,38,44,179
484552,2025-10-15_19:09:11.562,MSGF,7,39,44,179
484935,2025-10-15_19:09:11.945,MSGF,7,40,44,179
485318,2025-10-15_19:09:11.328,MSGF,7,41,44,179
485708,2025-10-15_19:09:12.718,MSGF,7,42,44,179
485974,2025-10-15_19:09:12.980,MSGF,7,43,44,96



497743,2025-10-15_19:09:24.753,MSGF,8,0,44,178
498126,2025-10-15_19:09:24.136,MSGF,8,1,44,178
498514,2025-10-15_19:09:24.524,MSGF,8,2,44,178
498897,2025-10-15_19:09:25.907,MSGF,8,3,44,178
499286,2025-10-15_19:09:25.296,MSGF,8,4,44,178
499669,2025-10-15_19:09:26.679,MSGF,8,5,44,178
500052,2025-10-15_19:09:26.062,MSGF,8,6,44,178
500443,2025-10-15_19:09:26.453,MSGF,8,7,44,178
500826,2025-10-15_19:09:27.836,MSGF,8,8,44,178
501215,2025-10-15_19:09:27.225,MSGF,8,9,44,178
501598,2025-10-15_19:09:28.608,MSGF,8,10,44,179
501981,2025-10-15_19:09:28.991,MSGF,8,11,44,179
502372,2025-10-15_19:09:28.382,MSGF,8,12,44,179
502755,2025-10-15_19:09:29.765,MSGF,8,13,44,179
503144,2025-10-15_19:09:29.154,MSGF,8,14,44,179
503527,2025-10-15_19:09:29.537,MSGF,8,15,44,179
503910,2025-10-15_19:09:30.920,MSGF,8,16,44,179
504301,2025-10-15_19:09:30.311,MSGF,8,17,44,179
504684,2025-10-15_19:09:31.694,MSGF,8,18,44,179
505074,2025-10-15_19:09:31.084,MSGF,8,19,44,179
505457,2025-10-15_19:09:31.467,MSGF,8,20,44,179
505840,2025-10-15_19:09:32.850,MSGF,8,21,44,179
506231,2025-10-15_19:09:32.241,MSGF,8,22,44,179
506614,2025-10-15_19:09:33.624,MSGF,8,23,44,179
507003,2025-10-15_19:09:33.013,MSGF,8,24,44,179
507386,2025-10-15_19:09:33.396,MSGF,8,25,44,179
507769,2025-10-15_19:09:34.779,MSGF,8,26,44,179
508160,2025-10-15_19:09:34.170,MSGF,8,27,44,179
508543,2025-10-15_19:09:35.553,MSGF,8,28,44,179
508932,2025-10-15_19:09:35.942,MSGF,8,29,44,179
509315,2025-10-15_19:09:35.325,MSGF,8,30,44,179
509698,2025-10-15_19:09:36.708,MSGF,8,31,44,179
510089,2025-10-15_19:09:36.099,MSGF,8,32,44,179
510472,2025-10-15_19:09:36.482,MSGF,8,33,44,179
510861,2025-10-15_19:09:37.871,MSGF,8,34,44,179
511244,2025-10-15_19:09:37.254,MSGF,8,35,44,179
511627,2025-10-15_19:09:38.637,MSGF,8,36,44,179
512018,2025-10-15_19:09:38.028,MSGF,8,37,44,179
512401,2025-10-15_19:09:38.411,MSGF,8,38,44,179
512790,2025-10-15_19:09:39.800,MSGF,8,39,44,179
513173,2025-10-15_19:09:39.183,MSGF,8,40,44,179
513556,2025-10-15_19:09:40.566,MSGF,8,41,44,179
513947,2025-10-15_19:09:40.957,MSGF,8,42,44,179
514206,2025-10-15_19:09:40.212,MSGF,8,43,44,96



530505,2025-10-15_19:09:56.518,MSGF,9,0,33,228
530964,2025-10-15_19:09:57.977,MSGF,9,1,33,228
531429,2025-10-15_19:09:57.442,MSGF,9,2,33,228
531888,2025-10-15_19:09:58.901,MSGF,9,3,33,228
532347,2025-10-15_19:09:58.360,MSGF,9,4,33,228
532812,2025-10-15_19:09:59.825,MSGF,9,5,33,228
533271,2025-10-15_19:09:59.284,MSGF,9,6,33,228
533736,2025-10-15_19:10:00.749,MSGF,9,7,33,228
534195,2025-10-15_19:10:00.208,MSGF,9,8,33,228
534654,2025-10-15_19:10:01.667,MSGF,9,9,33,228
535119,2025-10-15_19:10:01.132,MSGF,9,10,33,229
535578,2025-10-15_19:10:02.591,MSGF,9,11,33,229
536043,2025-10-15_19:10:02.056,MSGF,9,12,33,229
536502,2025-10-15_19:10:02.515,MSGF,9,13,33,229
536961,2025-10-15_19:10:03.974,MSGF,9,14,33,229
537426,2025-10-15_19:10:03.439,MSGF,9,15,33,229
537885,2025-10-15_19:10:04.898,MSGF,9,16,33,229
538350,2025-10-15_19:10:04.363,MSGF,9,17,33,229
538809,2025-10-15_19:10:05.822,MSGF,9,18,33,229
539268,2025-10-15_19:10:05.281,MSGF,9,19,33,229
539733,2025-10-15_19:10:06.746,MSGF,9,20,33,229
540192,2025-10-15_19:10:06.205,MSGF,9,21,33,229
540657,2025-10-15_19:10:07.670,MSGF,9,22,33,229
541116,2025-10-15_19:10:07.129,MSGF,9,23,33,229
541575,2025-10-15_19:10:08.588,MSGF,9,24,33,229
542040,2025-10-15_19:10:08.053,MSGF,9,25,33,229
542499,2025-10-15_19:10:08.512,MSGF,9,26,33,229
542964,2025-10-15_19:10:09.977,MSGF,9,27,33,229
543423,2025-10-15_19:10:09.436,MSGF,9,28,33,229
543882,2025-10-15_19:10:10.895,MSGF,9,29,33,229
544347,2025-10-15_19:10:10.360,MSGF,9,30,33,229
544806,2025-10-15_19:10:11.819,MSGF,9,31,33,229
545152,2025-10-15_19:10:11.160,MSGF,9,32,33,146



559374,2025-10-15_19:10:25.387,MSGF,10,0,33,229
559833,2025-10-15_19:10:26.846,MSGF,10,1,33,229
560299,2025-10-15_19:10:26.312,MSGF,10,2,33,229
560764,2025-10-15_19:10:27.777,MSGF,10,3,33,229
561223,2025-10-15_19:10:27.236,MSGF,10,4,33,229
561682,2025-10-15_19:10:28.695,MSGF,10,5,33,229
562141,2025-10-15_19:10:28.154,MSGF,10,6,33,229
562606,2025-10-15_19:10:29.619,MSGF,10,7,33,229
563071,2025-10-15_19:10:29.084,MSGF,10,8,33,229
563530,2025-10-15_19:10:29.543,MSGF,10,9,33,229
563994,2025-10-15_19:10:30.007,MSGF,10,10,33,230
564458,2025-10-15_19:10:30.471,MSGF,10,11,33,230
564928,2025-10-15_19:10:31.941,MSGF,10,12,33,230
565398,2025-10-15_19:10:31.411,MSGF,10,13,33,230
565862,2025-10-15_19:10:32.875,MSGF,10,14,33,230
566326,2025-10-15_19:10:32.339,MSGF,10,15,33,230
566790,2025-10-15_19:10:33.803,MSGF,10,16,33,230
567260,2025-10-15_19:10:33.273,MSGF,10,17,33,230
567730,2025-10-15_19:10:34.743,MSGF,10,18,33,230
568194,2025-10-15_19:10:34.207,MSGF,10,19,33,230
568658,2025-10-15_19:10:35.671,MSGF,10,20,33,230
569122,2025-10-15_19:10:35.135,MSGF,10,21,33,230
569592,2025-10-15_19:10:36.605,MSGF,10,22,33,230
570062,2025-10-15_19:10:36.075,MSGF,10,23,33,230
570526,2025-10-15_19:10:36.539,MSGF,10,24,33,230
570990,2025-10-15_19:10:37.003,MSGF,10,25,33,230
571454,2025-10-15_19:10:37.467,MSGF,10,26,33,230
571924,2025-10-15_19:10:38.937,MSGF,10,27,33,230
572394,2025-10-15_19:10:38.407,MSGF,10,28,33,230
572858,2025-10-15_19:10:39.871,MSGF,10,29,33,230
573322,2025-10-15_19:10:39.335,MSGF,10,30,33,230
573786,2025-10-15_19:10:40.799,MSGF,10,31,33,230
574132,2025-10-15_19:10:40.140,MSGF,10,32,33,147




602562,2025-10-15_19:11:09.575,MSGF,11,0,33,229
603021,2025-10-15_19:11:09.034,MSGF,11,1,33,229
603480,2025-10-15_19:11:09.493,MSGF,11,2,33,229
603939,2025-10-15_19:11:10.952,MSGF,11,3,33,229
604408,2025-10-15_19:11:10.421,MSGF,11,4,33,229
604867,2025-10-15_19:11:11.880,MSGF,11,5,33,229
605326,2025-10-15_19:11:11.339,MSGF,11,6,33,229
605785,2025-10-15_19:11:12.798,MSGF,11,7,33,229
606244,2025-10-15_19:11:12.257,MSGF,11,8,33,229
606715,2025-10-15_19:11:13.728,MSGF,11,9,33,229
607179,2025-10-15_19:11:13.192,MSGF,11,10,33,230
607643,2025-10-15_19:11:14.656,MSGF,11,11,33,230
608107,2025-10-15_19:11:14.120,MSGF,11,12,33,230
608571,2025-10-15_19:11:15.584,MSGF,11,13,33,230
609047,2025-10-15_19:11:15.060,MSGF,11,14,33,230
609511,2025-10-15_19:11:15.524,MSGF,11,15,33,230
609975,2025-10-15_19:11:16.988,MSGF,11,16,33,230
610439,2025-10-15_19:11:16.452,MSGF,11,17,33,230
610903,2025-10-15_19:11:17.916,MSGF,11,18,33,230
611379,2025-10-15_19:11:17.392,MSGF,11,19,33,230
611843,2025-10-15_19:11:18.856,MSGF,11,20,33,230
612307,2025-10-15_19:11:18.320,MSGF,11,21,33,230
612771,2025-10-15_19:11:19.784,MSGF,11,22,33,230
613235,2025-10-15_19:11:19.248,MSGF,11,23,33,230
613712,2025-10-15_19:11:20.725,MSGF,11,24,33,230
614176,2025-10-15_19:11:20.189,MSGF,11,25,33,230
614640,2025-10-15_19:11:21.653,MSGF,11,26,33,230
615104,2025-10-15_19:11:21.117,MSGF,11,27,33,230
615568,2025-10-15_19:11:22.581,MSGF,11,28,33,230
616044,2025-10-15_19:11:22.057,MSGF,11,29,33,230
616508,2025-10-15_19:11:22.521,MSGF,11,30,33,230
616972,2025-10-15_19:11:23.985,MSGF,11,31,33,230
617312,2025-10-15_19:11:23.320,MSGF,11,32,33,147