time_ms,local_time,pack2025-10-15_19:03:54.651et_type,sequence_no,fragment_idx,total_fragments,packet_size_bytes
122506,,MSGF,0,0,131,79
122741,2025-10-15_19:03:54.886,MSGF,0,1,131,79
122975,2025-10-15_19:03:54.120,MSGF,0,2,131,79
123209,2025-10-15_19:03:54.354,MSGF,0,3,131,79
123449,2025-10-15_19:03:55.594,MSGF,0,4,131,79
123683,2025-10-15_19:03:55.828,MSGF,0,5,131,79
123917,2025-10-15_19:03:55.062,MSGF,0,6,131,79
124151,2025-10-15_19:03:55.296,MSGF,0,7,131,79
124385,2025-10-15_19:03:56.530,MSGF,0,8,131,79
124629,2025-10-15_19:03:56.775,MSGF,0,9,131,79
124863,2025-10-15_19:03:56.008,MSGF,0,10,131,80
125097,2025-10-15_19:03:56.242,MSGF,0,11,131,80
125331,2025-10-15_19:03:57.476,MSGF,0,12,131,80
125565,2025-10-15_19:03:57.710,MSGF,0,13,131,80
125809,2025-10-15_19:03:57.955,MSGF,0,14,131,80
126043,2025-10-15_19:03:57.188,MSGF,0,15,131,80
126277,2025-10-15_19:03:58.422,MSGF,0,16,131,80
126511,2025-10-15_19:03:58.656,MSGF,0,17,131,80
126745,2025-10-15_19:03:58.890,MSGF,0,18,131,80
126989,2025-10-15_19:03:58.135,MSGF,0,19,131,80
127223,2025-10-15_19:03:58.368,MSGF,0,20,131,80
127457,2025-10-15_19:03:59.602,MSGF,0,21,131,80
127691,2025-10-15_19:03:59.836,MSGF,0,22,131,80
127925,2025-10-15_19:03:59.070,MSGF,0,23,131,80
128169,2025-10-15_19:03:59.315,MSGF,0,24,131,80
128403,2025-10-15_19:04:00.548,MSGF,0,25,131,80
128637,2025-10-15_19:04:00.782,MSGF,0,26,131,80
128871,2025-10-15_19:04:00.016,MSGF,0,27,131,80
129105,2025-10-15_19:04:00.250,MSGF,0,28,131,80
129349,2025-10-15_19:04:01.495,MSGF,0,29,131,80
129583,2025-10-15_19:04:01.728,MSGF,0,30,131,80
129817,2025-10-15_19:04:01.962,MSGF,0,31,131,80
130051,2025-10-15_19:04:01.196,MSGF,0,32,131,80
130285,2025-10-15_19:04:02.430,MSGF,0,33,131,80
130529,2025-10-15_19:04:02.675,MSGF,0,34,131,80
130763,2025-10-15_19:04:02.908,MSGF,0,35,131,80
130997,2025-10-15_19:04:02.142,MSGF,0,36,131,80
131231,2025-10-15_19:04:02.376,MSGF,0,37,131,80
131465,2025-10-15_19:04:03.610,MSGF,0,38,131,80
131709,2025-10-15_19:04:03.855,MSGF,0,39,131,80
131943,2025-10-15_19:04:03.088,MSGF,0,40,131,80
132177,2025-10-15_19:04:03.322,MSGF,0,41,131,80
132411,2025-10-15_19:04:04.556,MSGF,0,42,131,80
132645,2025-10-15_19:04:04.790,MSGF,0,43,131,80
132889,2025-10-15_19:04:04.035,MSGF,0,44,131,80
133123,2025-10-15_19:04:04.268,MSGF,0,45,131,80
133357,2025-10-15_19:04:05.502,MSGF,0,46,131,80
133591,2025-10-15_19:04:05.736,MSGF,0,47,131,80
133825,2025-10-15_19:04:05.970,MSGF,0,48,131,80
134069,2025-10-15_19:04:05.215,MSGF,0,49,131,80
134303,2025-10-15_19:04:06.448,MSGF,0,50,131,80
134537,2025-10-15_19:04:06.682,MSGF,0,51,131,80
134771,2025-10-15_19:04:06.916,MSGF,0,52,131,80
135005,2025-10-15_19:04:06.150,MSGF,0,53,131,80
135249,2025-10-15_19:04:07.395,MSGF,0,54,131,80
135483,2025-10-15_19:04:07.628,MSGF,0,55,131,80
135717,2025-10-15_19:04:07.862,MSGF,0,56,131,80
135951,2025-10-15_19:04:07.096,MSGF,0,57,131,80
136185,2025-10-15_19:04:07.330,MSGF,0,58,131,80
136429,2025-10-15_19:04:08.575,MSGF,0,59,131,80
136663,2025-10-15_19:04:08.808,MSGF,0,60,131,80
136897,2025-10-15_19:04:08.042,MSGF,0,61,131,80
137131,2025-10-15_19:04:08.276,MSGF,0,62,131,80
137365,2025-10-15_19:04:09.510,MSGF,0,63,131,80
137609,2025-10-15_19:04:09.755,MSGF,0,64,131,80
137843,2025-10-15_19:04:09.988,MSGF,0,65,131,80
138077,2025-10-15_19:04:09.222,MSGF,0,66,131,80
138311,2025-10-15_19:04:10.456,MSGF,0,67,131,80
138545,2025-10-15_19:04:10.690,MSGF,0,68,131,80
138789,2025-10-15_19:04:10.935,MSGF,0,69,131,80
139023,2025-10-15_19:04:10.168,MSGF,0,70,131,80
139257,2025-10-15_19:04:11.402,MSGF,0,71,131,80
139491,2025-10-15_19:04:11.636,MSGF,0,72,131,80
139725,2025-10-15_19:04:11.870,MSGF,0,73,131,80
139969,2025-10-15_19:04:11.115,MSGF,0,74,131,80
140203,2025-10-15_19:04:11.348,MSGF,0,75,131,80
140437,2025-10-15_19:04:12.582,MSGF,0,76,131,80
140671,2025-10-15_19:04:12.816,MSGF,0,77,131,80
140905,2025-10-15_19:04:12.050,MSGF,0,78,131,80
141149,2025-10-15_19:04:12.295,MSGF,0,79,131,80
141383,2025-10-15_19:04:13.528,MSGF,0,80,131,80
141617,2025-10-15_19:04:13.762,MSGF,0,81,131,80
141851,2025-10-15_19:04:13.996,MSGF,0,82,131,80
142085,2025-10-15_19:04:13.230,MSGF,0,83,131,80
142329,2025-10-15_19:04:14.475,MSGF,0,84,131,80
142563,2025-10-15_19:04:14.708,MSGF,0,85,131,80
142797,2025-10-15_19:04:14.942,MSGF,0,86,131,80
143031,2025-10-15_19:04:14.176,MSGF,0,87,131,80
143265,2025-10-15_19:04:15.410,MSGF,0,88,131,80
143509,2025-10-15_19:04:15.655,MSGF,0,89,131,80
143743,2025-10-15_19:04:15.888,MSGF,0,90,131,80
143977,2025-10-15_19:04:15.122,MSGF,0,91,131,80
144211,2025-10-15_19:04:15.356,MSGF,0,92,131,80
144445,2025-10-15_19:04:16.590,MSGF,0,93,131,80
144689,2025-10-15_19:04:16.835,MSGF,0,94,131,80
144923,2025-10-15_19:04:16.068,MSGF,0,95,131,80
145157,2025-10-15_19:04:16.302,MSGF,0,96,131,80
145391,2025-10-15_19:04:17.536,MSGF,0,97,131,80
145625,2025-10-15_19:04:17.770,MSGF,0,98,131,80
145869,2025-10-15_19:04:17.015,MSGF,0,99,131,80
146103,2025-10-15_19:04:17.248,MSGF,0,100,131,81
146337,2025-10-15_19:04:18.482,MSGF,0,101,131,81
146571,2025-10-15_19:04:18.716,MSGF,0,102,131,81
146805,2025-10-15_19:04:18.950,MSGF,0,103,131,81
147050,2025-10-15_19:04:18.196,MSGF,0,104,131,81
147284,2025-10-15_19:04:19.429,MSGF,0,105,131,81
147518,2025-10-15_19:04:19.663,MSGF,0,106,131,81
147752,2025-10-15_19:04:19.897,MSGF,0,107,131,81
147986,2025-10-15_19:04:19.131,MSGF,0,108,131,81
148231,2025-10-15_19:04:19.377,MSGF,0,109,131,81
148465,2025-10-15_19:04:20.610,MSGF,0,110,131,81
148699,2025-10-15_19:04:20.844,MSGF,0,111,131,81
148933,2025-10-15_19:04:20.078,MSGF,0,112,131,81
149167,2025-10-15_19:04:20.312,MSGF,0,113,131,81
149412,2025-10-15_19:04:21.557,MSGF,0,114,131,81
149646,2025-10-15_19:04:21.791,MSGF,0,115,131,81
149880,2025-10-15_19:04:21.025,MSGF,0,116,131,81
150114,2025-10-15_19:04:21.259,MSGF,0,117,131,81
150348,2025-10-15_19:04:22.493,MSGF,0,118,131,81
150593,2025-10-15_19:04:22.739,MSGF,0,119,131,81
150828,2025-10-15_19:04:22.973,MSGF,0,120,131,81
151062,2025-10-15_19:04:22.207,MSGF,0,121,131,81
151296,2025-10-15_19:04:23.441,MSGF,0,122,131,81
151530,2025-10-15_19:04:23.675,MSGF,0,123,131,81
151775,2025-10-15_19:04:23.921,MSGF,0,124,131,81
152009,2025-10-15_19:04:23.154,MSGF,0,125,131,81
152243,2025-10-15_19:04:24.388,MSGF,0,126,131,81
152477,2025-10-15_19:04:24.622,MSGF,0,127,131,81
152711,2025-10-15_19:04:24.856,MSGF,0,128,131,81
152956,2025-10-15_19:04:24.102,MSGF,0,129,131,81
153190,2025-10-15_19:04:24.289,MSGF,0,130,131,48



175980,2025-10-15_19:04:47.126,MSGF,1,0,131,79
176214,2025-10-15_19:04:47.359,MSGF,1,1,131,79
176453,2025-10-15_19:04:48.599,MSGF,1,2,131,79
176693,2025-10-15_19:04:48.838,MSGF,1,3,131,79
176927,2025-10-15_19:04:48.072,MSGF,1,4,131,79
177161,2025-10-15_19:04:48.306,MSGF,1,5,131,79
178322,2025-10-15_19:04:50.467,MSGF,1,5,131,79
178556,2025-10-15_19:04:50.701,MSGF,1,6,131,79
178800,2025-10-15_19:04:50.946,MSGF,1,7,131,79
179034,2025-10-15_19:04:50.179,MSGF,1,8,131,79
179268,2025-10-15_19:04:51.413,MSGF,1,9,131,79
179502,2025-10-15_19:04:51.647,MSGF,1,10,131,80
179736,2025-10-15_19:04:51.881,MSGF,1,11,131,80
179981,2025-10-15_19:04:51.127,MSGF,1,12,131,80
180215,2025-10-15_19:04:51.360,MSGF,1,13,131,80
180449,2025-10-15_19:04:52.594,MSGF,1,14,131,80
180683,2025-10-15_19:04:52.828,MSGF,1,15,131,80
180917,2025-10-15_19:04:52.062,MSGF,1,16,131,80
181162,2025-10-15_19:04:52.308,MSGF,1,17,131,80
181396,2025-10-15_19:04:53.541,MSGF,1,18,131,80
181630,2025-10-15_19:04:53.775,MSGF,1,19,131,80
181864,2025-10-15_19:04:53.009,MSGF,1,20,131,80
182098,2025-10-15_19:04:53.243,MSGF,1,21,131,80
182343,2025-10-15_19:04:54.489,MSGF,1,22,131,80
182577,2025-10-15_19:04:54.722,MSGF,1,23,131,80
182811,2025-10-15_19:04:54.956,MSGF,1,24,131,80
183045,2025-10-15_19:04:54.190,MSGF,1,25,131,80
183279,2025-10-15_19:04:55.424,MSGF,1,26,131,80
183524,2025-10-15_19:04:55.670,MSGF,1,27,131,80
183758,2025-10-15_19:04:55.903,MSGF,1,28,131,80
183992,2025-10-15_19:04:55.137,MSGF,1,29,131,80
184226,2025-10-15_19:04:55.371,MSGF,1,30,131,80
184460,2025-10-15_19:04:56.605,MSGF,1,31,131,80
184705,2025-10-15_19:04:56.851,MSGF,1,32,131,80
184939,2025-10-15_19:04:56.084,MSGF,1,33,131,80
185173,2025-10-15_19:04:56.318,MSGF,1,34,131,80
185407,2025-10-15_19:04:57.552,MSGF,1,35,131,80
185641,2025-10-15_19:04:57.786,MSGF,1,36,131,80
185886,2025-10-15_19:04:57.032,MSGF,1,37,131,80
186120,2025-10-15_19:04:57.265,MSGF,1,38,131,80
186354,2025-10-15_19:04:58.499,MSGF,1,39,131,80
186588,2025-10-15_19:04:58.733,MSGF,1,40,131,80
186822,2025-10-15_19:04:58.967,MSGF,1,41,131,80
187067,2025-10-15_19:04:58.213,MSGF,1,42,131,80
187301,2025-10-15_19:04:59.446,MSGF,1,43,131,80
187535,2025-10-15_19:04:59.680,MSGF,1,44,131,80
187769,2025-10-15_19:04:59.914,MSGF,1,45,131,80
188003,2025-10-15_19:04:59.148,MSGF,1,46,131,80
188248,2025-10-15_19:05:00.394,MSGF,1,47,131,80
188482,2025-10-15_19:05:00.627,MSGF,1,48,131,80
188716,2025-10-15_19:05:00.861,MSGF,1,49,131,80
188950,2025-10-15_19:05:00.095,MSGF,1,50,131,80
189184,2025-10-15_19:05:00.329,MSGF,1,51,131,80
189429,2025-10-15_19:05:01.575,MSGF,1,52,131,80
189663,2025-10-15_19:05:01.808,MSGF,1,53,131,80
189897,2025-10-15_19:05:01.042,MSGF,1,54,131,80
190131,2025-10-15_19:05:01.276,MSGF,1,55,131,80
190365,2025-10-15_19:05:02.510,MSGF,1,56,131,80
190610,2025-10-15_19:05:02.756,MSGF,1,57,131,80
190844,2025-10-15_19:05:02.989,MSGF,1,58,131,80
191078,2025-10-15_19:05:02.223,MSGF,1,59,131,80
191312,2025-10-15_19:05:03.457,MSGF,1,60,131,80
191546,2025-10-15_19:05:03.691,MSGF,1,61,131,80
191791,2025-10-15_19:05:03.937,MSGF,1,62,131,80
192026,2025-10-15_19:05:03.171,MSGF,1,63,131,80
192260,2025-10-15_19:05:04.405,MSGF,1,64,131,80
192494,2025-10-15_19:05:04.639,MSGF,1,65,131,80
192728,2025-10-15_19:05:04.873,MSGF,1,66,131,80
192973,2025-10-15_19:05:04.119,MSGF,1,67,131,80
193207,2025-10-15_19:05:04.352,MSGF,1,68,131,80
193441,2025-10-15_19:05:05.586,MSGF,1,69,131,80
193675,2025-10-15_19:05:05.820,MSGF,1,70,131,80
193909,2025-10-15_19:05:05.054,MSGF,1,71,131,80
194154,2025-10-15_19:05:05.300,MSGF,1,72,131,80
194388,2025-10-15_19:05:06.533,MSGF,1,73,131,80
194622,2025-10-15_19:05:06.767,MSGF,1,74,131,80
194856,2025-10-15_19:05:06.001,MSGF,1,75,131,80
195090,2025-10-15_19:05:06.235,MSGF,1,76,131,80
195335,2025-10-15_19:05:07.481,MSGF,1,77,131,80
195569,2025-10-15_19:05:07.714,MSGF,1,78,131,80
195803,2025-10-15_19:05:07.948,MSGF,1,79,131,80
196037,2025-10-15_19:05:07.182,MSGF,1,80,131,80
196271,2025-10-15_19:05:08.416,MSGF,1,81,131,80
196515,2025-10-15_19:05:08.661,MSGF,1,82,131,80
196750,2025-10-15_19:05:08.895,MSGF,1,83,131,80
196984,2025-10-15_19:05:08.129,MSGF,1,84,131,80
197218,2025-10-15_19:05:08.363,MSGF,1,85,131,80
197452,2025-10-15_19:05:09.597,MSGF,1,86,131,80
197696,2025-10-15_19:05:09.842,MSGF,1,87,131,80
197930,2025-10-15_19:05:09.075,MSGF,1,88,131,80
198164,2025-10-15_19:05:09.309,MSGF,1,89,131,80
198398,2025-10-15_19:05:10.543,MSGF,1,90,131,80
198632,2025-10-15_19:05:10.777,MSGF,1,91,131,80
198877,2025-10-15_19:05:10.023,MSGF,1,92,131,80
199111,2025-10-15_19:05:10.256,MSGF,1,93,131,80
199345,2025-10-15_19:05:11.490,MSGF,1,94,131,80
199579,2025-10-15_19:05:11.724,MSGF,1,95,131,80
199813,2025-10-15_19:05:11.958,MSGF,1,96,131,80
200058,2025-10-15_19:05:11.204,MSGF,1,97,131,80
200293,2025-10-15_19:05:12.438,MSGF,1,98,131,80
200527,2025-10-15_19:05:12.672,MSGF,1,99,131,80
200761,2025-10-15_19:05:12.906,MSGF,1,100,131,81
200995,2025-10-15_19:05:12.140,MSGF,1,101,131,81
201240,2025-10-15_19:05:13.385,MSGF,1,102,131,81
201474,2025-10-15_19:05:13.619,MSGF,1,103,131,81
201708,2025-10-15_19:05:13.853,MSGF,1,104,131,81
201942,2025-10-15_19:05:13.087,MSGF,1,105,131,81
202176,2025-10-15_19:05:13.321,MSGF,1,106,131,81
202421,2025-10-15_19:05:14.567,MSGF,1,107,131,81
202656,2025-10-15_19:05:14.801,MSGF,1,108,131,81
202890,2025-10-15_19:05:14.035,MSGF,1,109,131,81
203124,2025-10-15_19:05:14.269,MSGF,1,110,131,81
203358,2025-10-15_19:05:15.503,MSGF,1,111,131,81
203603,2025-10-15_19:05:15.749,MSGF,1,112,131,81
203838,2025-10-15_19:05:15.983,MSGF,1,113,131,81
204072,2025-10-15_19:05:15.217,MSGF,1,114,131,81
204306,2025-10-15_19:05:16.451,MSGF,1,115,131,81
204540,2025-10-15_19:05:16.685,MSGF,1,116,131,81
204785,2025-10-15_19:05:16.931,MSGF,1,117,131,81
205020,2025-10-15_19:05:16.165,MSGF,1,118,131,81
205254,2025-10-15_19:05:17.399,MSGF,1,119,131,81
205488,2025-10-15_19:05:17.633,MSGF,1,120,131,81
205722,2025-10-15_19:05:17.867,MSGF,1,121,131,81
205967,2025-10-15_19:05:17.113,MSGF,1,122,131,81
206202,2025-10-15_19:05:17.347,MSGF,1,123,131,81
206436,2025-10-15_19:05:18.581,MSGF,1,124,131,81
206670,2025-10-15_19:05:18.815,MSGF,1,125,131,81
206904,2025-10-15_19:05:18.049,MSGF,1,126,131,81
207149,2025-10-15_19:05:18.295,MSGF,1,127,131,81
207384,2025-10-15_19:05:19.529,MSGF,1,128,131,81
207618,2025-10-15_19:05:19.763,MSGF,1,129,131,81
207852,2025-10-15_19:05:19.951,MSGF,1,130,131,48



223187,2025-10-15_19:05:34.333,MSGF,2,0,131,79
223427,2025-10-15_19:05:35.572,MSGF,2,1,131,79
223661,2025-10-15_19:05:35.806,MSGF,2,2,131,79
223895,2025-10-15_19:05:35.040,MSGF,2,3,131,79
224129,2025-10-15_19:05:35.274,MSGF,2,4,131,79
224368,2025-10-15_19:05:36.514,MSGF,2,5,131,79
224607,2025-10-15_19:05:36.752,MSGF,2,6,131,79
224841,2025-10-15_19:05:36.986,MSGF,2,7,131,79
225075,2025-10-15_19:05:36.220,MSGF,2,8,131,79
225309,2025-10-15_19:05:37.454,MSGF,2,9,131,79
225548,2025-10-15_19:05:37.694,MSGF,2,10,131,80
225788,2025-10-15_19:05:37.933,MSGF,2,11,131,80
226022,2025-10-15_19:05:37.167,MSGF,2,12,131,80
226256,2025-10-15_19:05:38.401,MSGF,2,13,131,80
226490,2025-10-15_19:05:38.635,MSGF,2,14,131,80
226729,2025-10-15_19:05:38.875,MSGF,2,15,131,80
226969,2025-10-15_19:05:38.114,MSGF,2,16,131,80
227203,2025-10-15_19:05:38.348,MSGF,2,17,131,80
227437,2025-10-15_19:05:39.582,MSGF,2,18,131,80
227671,2025-10-15_19:05:39.816,MSGF,2,19,131,80
227910,2025-10-15_19:05:39.056,MSGF,2,20,131,80
228150,2025-10-15_19:05:39.295,MSGF,2,21,131,80
228384,2025-10-15_19:05:40.529,MSGF,2,22,131,80
228618,2025-10-15_19:05:40.763,MSGF,2,23,131,80
228852,2025-10-15_19:05:40.997,MSGF,2,24,131,80
229091,2025-10-15_19:05:40.237,MSGF,2,25,131,80
229331,2025-10-15_19:05:41.476,MSGF,2,26,131,80
229565,2025-10-15_19:05:41.710,MSGF,2,27,131,80
229799,2025-10-15_19:05:41.944,MSGF,2,28,131,80
230033,2025-10-15_19:05:41.178,MSGF,2,29,131,80
230272,2025-10-15_19:05:42.418,MSGF,2,30,131,80
230512,2025-10-15_19:05:42.657,MSGF,2,31,131,80
230746,2025-10-15_19:05:42.891,MSGF,2,32,131,80
230980,2025-10-15_19:05:42.125,MSGF,2,33,131,80
231214,2025-10-15_19:05:42.359,MSGF,2,34,131,80
231453,2025-10-15_19:05:43.599,MSGF,2,35,131,80
231693,2025-10-15_19:05:43.838,MSGF,2,36,131,80
231927,2025-10-15_19:05:43.072,MSGF,2,37,131,80
232161,2025-10-15_19:05:43.306,MSGF,2,38,131,80
232395,2025-10-15_19:05:44.540,MSGF,2,39,131,80
232634,2025-10-15_19:05:44.780,MSGF,2,40,131,80
232874,2025-10-15_19:05:44.019,MSGF,2,41,131,80
233108,2025-10-15_19:05:44.253,MSGF,2,42,131,80
233342,2025-10-15_19:05:45.487,MSGF,2,43,131,80
233576,2025-10-15_19:05:45.721,MSGF,2,44,131,80
233815,2025-10-15_19:05:45.961,MSGF,2,45,131,80
234055,2025-10-15_19:05:45.200,MSGF,2,46,131,80
234289,2025-10-15_19:05:46.434,MSGF,2,47,131,80
234523,2025-10-15_19:05:46.668,MSGF,2,48,131,80
234757,2025-10-15_19:05:46.902,MSGF,2,49,131,80
234996,2025-10-15_19:05:46.142,MSGF,2,50,131,80
235236,2025-10-15_19:05:46.381,MSGF,2,51,131,80
235470,2025-10-15_19:05:47.615,MSGF,2,52,131,80
235704,2025-10-15_19:05:47.849,MSGF,2,53,131,80
235938,2025-10-15_19:05:47.083,MSGF,2,54,131,80
236177,2025-10-15_19:05:47.323,MSGF,2,55,131,80
236417,2025-10-15_19:05:48.562,MSGF,2,56,131,80
236651,2025-10-15_19:05:48.796,MSGF,2,57,131,80
236885,2025-10-15_19:05:48.030,MSGF,2,58,131,80
237119,2025-10-15_19:05:48.264,MSGF,2,59,131,80
237358,2025-10-15_19:05:49.504,MSGF,2,60,131,80
237598,2025-10-15_19:05:49.743,MSGF,2,61,131,80
237832,2025-10-15_19:05:49.977,MSGF,2,62,131,80
238066,2025-10-15_19:05:49.211,MSGF,2,63,131,80
238300,2025-10-15_19:05:50.445,MSGF,2,64,131,80
238539,2025-10-15_19:05:50.685,MSGF,2,65,131,80
238779,2025-10-15_19:05:50.924,MSGF,2,66,131,80
239013,2025-10-15_19:05:50.158,MSGF,2,67,131,80
239247,2025-10-15_19:05:51.392,MSGF,2,68,131,80
239481,2025-10-15_19:05:51.626,MSGF,2,69,131,80
239720,2025-10-15_19:05:51.866,MSGF,2,70,131,80
239960,2025-10-15_19:05:51.105,MSGF,2,71,131,80
240194,2025-10-15_19:05:51.339,MSGF,2,72,131,80
240428,2025-10-15_19:05:52.573,MSGF,2,73,131,80
240662,2025-10-15_19:05:52.807,MSGF,2,74,131,80
240901,2025-10-15_19:05:52.047,MSGF,2,75,131,80
241141,2025-10-15_19:05:52.286,MSGF,2,76,131,80
241375,2025-10-15_19:05:53.520,MSGF,2,77,131,80
241609,2025-10-15_19:05:53.754,MSGF,2,78,131,80
241843,2025-10-15_19:05:53.988,MSGF,2,79,131,80
242082,2025-10-15_19:05:53.228,MSGF,2,80,131,80
242322,2025-10-15_19:05:54.467,MSGF,2,81,131,80
242556,2025-10-15_19:05:54.701,MSGF,2,82,131,80
242790,2025-10-15_19:05:54.935,MSGF,2,83,131,80
243024,2025-10-15_19:05:54.169,MSGF,2,84,131,80
243263,2025-10-15_19:05:55.409,MSGF,2,85,131,80
243503,2025-10-15_19:05:55.648,MSGF,2,86,131,80
243737,2025-10-15_19:05:55.882,MSGF,2,87,131,80
243971,2025-10-15_19:05:55.116,MSGF,2,88,131,80
244205,2025-10-15_19:05:55.350,MSGF,2,89,131,80
244444,2025-10-15_19:05:56.589,MSGF,2,90,131,80
244683,2025-10-15_19:05:56.828,MSGF,2,91,131,80
244917,2025-10-15_19:05:56.062,MSGF,2,92,131,80
245151,2025-10-15_19:05:56.296,MSGF,2,93,131,80
245385,2025-10-15_19:05:57.530,MSGF,2,94,131,80
245624,2025-10-15_19:05:57.770,MSGF,2,95,131,80
245864,2025-10-15_19:05:57.009,MSGF,2,96,131,80
246098,2025-10-15_19:05:57.243,MSGF,2,97,131,80
246332,2025-10-15_19:05:58.477,MSGF,2,98,131,80
246566,2025-10-15_19:05:58.711,MSGF,2,99,131,80
246805,2025-10-15_19:05:58.951,MSGF,2,100,131,81
247046,2025-10-15_19:05:58.191,MSGF,2,101,131,81
247280,2025-10-15_19:05:59.425,MSGF,2,102,131,81
247514,2025-10-15_19:05:59.659,MSGF,2,103,131,81
247748,2025-10-15_19:05:59.893,MSGF,2,104,131,81
247987,2025-10-15_19:05:59.133,MSGF,2,105,131,81
248228,2025-10-15_19:05:59.373,MSGF,2,106,131,81
248462,2025-10-15_19:06:00.607,MSGF,2,107,131,81
248696,2025-10-15_19:06:00.841,MSGF,2,108,131,81
248930,2025-10-15_19:06:00.075,MSGF,2,109,131,81
249169,2025-10-15_19:06:00.315,MSGF,2,110,131,81
249410,2025-10-15_19:06:01.555,MSGF,2,111,131,81
249644,2025-10-15_19:06:01.789,MSGF,2,112,131,81
249878,2025-10-15_19:06:01.023,MSGF,2,113,131,81
250112,2025-10-15_19:06:01.257,MSGF,2,114,131,81
250351,2025-10-15_19:06:02.497,MSGF,2,115,131,81
250592,2025-10-15_19:06:02.737,MSGF,2,116,131,81
250826,2025-10-15_19:06:02.971,MSGF,2,117,131,81
251060,2025-10-15_19:06:02.205,MSGF,2,118,131,81
251294,2025-10-15_19:06:03.439,MSGF,2,119,131,81
251533,2025-10-15_19:06:03.679,MSGF,2,120,131,81
251774,2025-10-15_19:06:03.919,MSGF,2,121,131,81
252008,2025-10-15_19:06:03.153,MSGF,2,122,131,81
252242,2025-10-15_19:06:04.387,MSGF,2,123,131,81
252476,2025-10-15_19:06:04.621,MSGF,2,124,131,81
252715,2025-10-15_19:06:04.861,MSGF,2,125,131,81
252956,2025-10-15_19:06:04.101,MSGF,2,126,131,81
253190,2025-10-15_19:06:04.335,MSGF,2,127,131,81
253424,2025-10-15_19:06:05.569,MSGF,2,128,131,81
253658,2025-10-15_19:06:05.803,MSGF,2,129,131,81
253897,2025-10-15_19:06:05.996,MSGF,2,130,131,48



289562,2025-10-15_19:06:41.780,MSGF,3,0,66,128
289871,2025-10-15_19:06:41.089,MSGF,3,1,66,128
290179,2025-10-15_19:06:42.396,MSGF,3,2,66,128
290493,2025-10-15_19:06:42.711,MSGF,3,3,66,128
290801,2025-10-15_19:06:42.018,MSGF,3,4,66,128
291115,2025-10-15_19:06:42.333,MSGF,3,5,66,128
291423,2025-10-15_19:06:43.640,MSGF,3,6,66,128
291731,2025-10-15_19:06:43.948,MSGF,3,7,66,128
292044,2025-10-15_19:06:43.262,MSGF,3,8,66,128
292353,2025-10-15_19:06:44.570,MSGF,3,9,66,128
292667,2025-10-15_19:06:44.885,MSGF,3,10,66,129
292975,2025-10-15_19:06:44.193,MSGF,3,11,66,129
293283,2025-10-15_19:06:45.501,MSGF,3,12,66,129
293596,2025-10-15_19:06:45.814,MSGF,3,13,66,129
293905,2025-10-15_19:06:45.123,MSGF,3,14,66,129
294219,2025-10-15_19:06:46.437,MSGF,3,15,66,129
294528,2025-10-15_19:06:46.746,MSGF,3,16,66,129
294836,2025-10-15_19:06:46.054,MSGF,3,17,66,129
295149,2025-10-15_19:06:46.367,MSGF,3,18,66,129
295458,2025-10-15_19:06:47.676,MSGF,3,19,66,129
295772,2025-10-15_19:06:47.990,MSGF,3,20,66,129
296081,2025-10-15_19:06:47.299,MSGF,3,21,66,129
296389,2025-10-15_19:06:48.607,MSGF,3,22,66,129
296702,2025-10-15_19:06:48.920,MSGF,3,23,66,129
297011,2025-10-15_19:06:48.229,MSGF,3,24,66,129
297325,2025-10-15_19:06:49.543,MSGF,3,25,66,129
297634,2025-10-15_19:06:49.852,MSGF,3,26,66,129
297942,2025-10-15_19:06:49.160,MSGF,3,27,66,129
298255,2025-10-15_19:06:50.474,MSGF,3,28,66,129
298564,2025-10-15_19:06:50.782,MSGF,3,29,66,129
298878,2025-10-15_19:06:50.096,MSGF,3,30,66,129
299187,2025-10-15_19:06:51.405,MSGF,3,31,66,129
299495,2025-10-15_19:06:51.713,MSGF,3,32,66,129
299808,2025-10-15_19:06:51.026,MSGF,3,33,66,129
300117,2025-10-15_19:06:51.335,MSGF,3,34,66,129
300431,2025-10-15_19:06:52.649,MSGF,3,35,66,129
300740,2025-10-15_19:06:52.958,MSGF,3,36,66,129
301048,2025-10-15_19:06:52.266,MSGF,3,37,66,129
301361,2025-10-15_19:06:53.579,MSGF,3,38,66,129
301670,2025-10-15_19:06:53.888,MSGF,3,39,66,129
301984,2025-10-15_19:06:53.202,MSGF,3,40,66,129
302293,2025-10-15_19:06:54.511,MSGF,3,41,66,129
302601,2025-10-15_19:06:54.819,MSGF,3,42,66,129
302914,2025-10-15_19:06:54.132,MSGF,3,43,66,129
303223,2025-10-15_19:06:55.441,MSGF,3,44,66,129
303537,2025-10-15_19:06:55.755,MSGF,3,45,66,129
303846,2025-10-15_19:06:55.064,MSGF,3,46,66,129
304154,2025-10-15_19:06:55.372,MSGF,3,47,66,129
304468,2025-10-15_19:06:56.686,MSGF,3,48,66,129
304776,2025-10-15_19:06:56.994,MSGF,3,49,66,129
305090,2025-10-15_19:06:56.308,MSGF,3,50,66,129
305399,2025-10-15_19:06:57.617,MSGF,3,51,66,129
305707,2025-10-15_19:06:57.925,MSGF,3,52,66,129
306020,2025-10-15_19:06:57.238,MSGF,3,53,66,129
306329,2025-10-15_19:06:58.547,MSGF,3,54,66,129
306643,2025-10-15_19:06:58.861,MSGF,3,55,66,129
306952,2025-10-15_19:06:58.170,MSGF,3,56,66,129
307260,2025-10-15_19:06:59.478,MSGF,3,57,66,129
307573,2025-10-15_19:06:59.791,MSGF,3,58,66,129
307882,2025-10-15_19:06:59.100,MSGF,3,59,66,129
308196,2025-10-15_19:07:00.414,MSGF,3,60,66,129
308505,2025-10-15_19:07:00.723,MSGF,3,61,66,129
308813,2025-10-15_19:07:00.031,MSGF,3,62,66,129
309126,2025-10-15_19:07:00.344,MSGF,3,63,66,129
309435,2025-10-15_19:07:01.653,MSGF,3,64,66,129
309748,2025-10-15_19:07:01.841,MSGF,3,65,66,46


322308,2025-10-15_19:07:14.526,MSGF,4,0,66,128
322623,2025-10-15_19:07:14.841,MSGF,4,1,66,128
322932,2025-10-15_19:07:14.149,MSGF,4,2,66,128
323240,2025-10-15_19:07:15.457,MSGF,4,3,66,128
323554,2025-10-15_19:07:15.772,MSGF,4,4,66,128
323862,2025-10-15_19:07:15.079,MSGF,4,5,66,128
324175,2025-10-15_19:07:16.393,MSGF,4,6,66,128
324484,2025-10-15_19:07:16.701,MSGF,4,7,66,128
324792,2025-10-15_19:07:16.009,MSGF,4,8,66,128
325106,2025-10-15_19:07:16.324,MSGF,4,9,66,128
325414,2025-10-15_19:07:17.631,MSGF,4,10,66,129
325727,2025-10-15_19:07:17.945,MSGF,4,11,66,129
326036,2025-10-15_19:07:17.254,MSGF,4,12,66,129
326344,2025-10-15_19:07:18.562,MSGF,4,13,66,129
326658,2025-10-15_19:07:18.876,MSGF,4,14,66,129
326967,2025-10-15_19:07:18.185,MSGF,4,15,66,129
327280,2025-10-15_19:07:19.499,MSGF,4,16,66,129
327589,2025-10-15_19:07:19.807,MSGF,4,17,66,129
327897,2025-10-15_19:07:19.115,MSGF,4,18,66,129
328211,2025-10-15_19:07:20.429,MSGF,4,19,66,129
328520,2025-10-15_19:07:20.738,MSGF,4,20,66,129
328834,2025-10-15_19:07:20.052,MSGF,4,21,66,129
329142,2025-10-15_19:07:20.360,MSGF,4,22,66,129
329450,2025-10-15_19:07:21.668,MSGF,4,23,66,129
329764,2025-10-15_19:07:21.982,MSGF,4,24,66,129
330073,2025-10-15_19:07:21.291,MSGF,4,25,66,129
330386,2025-10-15_19:07:22.605,MSGF,4,26,66,129
330695,2025-10-15_19:07:22.913,MSGF,4,27,66,129
331003,2025-10-15_19:07:22.221,MSGF,4,28,66,129
331317,2025-10-15_19:07:23.535,MSGF,4,29,66,129
331626,2025-10-15_19:07:23.844,MSGF,4,30,66,129
331939,2025-10-15_19:07:23.158,MSGF,4,31,66,129
332248,2025-10-15_19:07:24.466,MSGF,4,32,66,129
332556,2025-10-15_19:07:24.774,MSGF,4,33,66,129
332870,2025-10-15_19:07:24.088,MSGF,4,34,66,129
333179,2025-10-15_19:07:25.397,MSGF,4,35,66,129
333492,2025-10-15_19:07:25.710,MSGF,4,36,66,129
333801,2025-10-15_19:07:25.019,MSGF,4,37,66,129
334109,2025-10-15_19:07:25.327,MSGF,4,38,66,129
334423,2025-10-15_19:07:26.641,MSGF,4,39,66,129
334732,2025-10-15_19:07:26.950,MSGF,4,40,66,129
335045,2025-10-15_19:07:26.263,MSGF,4,41,66,129
335354,2025-10-15_19:07:27.572,MSGF,4,42,66,129
335662,2025-10-15_19:07:27.880,MSGF,4,43,66,129
335976,2025-10-15_19:07:27.194,MSGF,4,44,66,129
336285,2025-10-15_19:07:28.503,MSGF,4,45,66,129
336598,2025-10-15_19:07:28.817,MSGF,4,46,66,129
336907,2025-10-15_19:07:28.125,MSGF,4,47,66,129
337215,2025-10-15_19:07:29.433,MSGF,4,48,66,129
337529,2025-10-15_19:07:29.747,MSGF,4,49,66,129
337838,2025-10-15_19:07:29.056,MSGF,4,50,66,129
338151,2025-10-15_19:07:29.369,MSGF,4,51,66,129
338460,2025-10-15_19:07:30.678,MSGF,4,52,66,129
338768,2025-10-15_19:07:30.986,MSGF,4,53,66,129
339082,2025-10-15_19:07:30.300,MSGF,4,54,66,129
339391,2025-10-15_19:07:31.609,MSGF,4,55,66,129
339704,2025-10-15_19:07:31.923,MSGF,4,56,66,129
340013,2025-10-15_19:07:31.231,MSGF,4,57,66,129
340321,2025-10-15_19:07:32.539,MSGF,4,58,66,129
340635,2025-10-15_19:07:32.853,MSGF,4,59,66,129
340944,2025-10-15_19:07:32.162,MSGF,4,60,66,129
341257,2025-10-15_19:07:33.476,MSGF,4,61,66,129
341566,2025-10-15_19:07:33.784,MSGF,4,62,66,129
341874,2025-10-15_19:07:33.092,MSGF,4,63,66,129
342188,2025-10-15_19:07:34.406,MSGF,4,64,66,129
342497,2025-10-15_19:07:34.590,MSGF,4,65,66,46


356651,2025-10-15_19:07:48.869,MSGF,5,0,66,128
356960,2025-10-15_19:07:48.178,MSGF,5,1,66,128
357268,2025-10-15_19:07:49.485,MSGF,5,2,66,128
357585,2025-10-15_19:07:49.803,MSGF,5,3,66,128
357899,2025-10-15_19:07:49.117,MSGF,5,4,66,128
358208,2025-10-15_19:07:50.425,MSGF,5,5,66,128
358516,2025-10-15_19:07:50.733,MSGF,5,6,66,128
358824,2025-10-15_19:07:50.041,MSGF,5,7,66,128
359139,2025-10-15_19:07:50.357,MSGF,5,8,66,128
359456,2025-10-15_19:07:51.674,MSGF,5,9,66,128
359765,2025-10-15_19:07:51.982,MSGF,5,10,66,129
360073,2025-10-15_19:07:51.291,MSGF,5,11,66,129
360381,2025-10-15_19:07:52.599,MSGF,5,12,66,129
360696,2025-10-15_19:07:52.914,MSGF,5,13,66,129
361011,2025-10-15_19:07:52.229,MSGF,5,14,66,129
361320,2025-10-15_19:07:53.538,MSGF,5,15,66,129
361628,2025-10-15_19:07:53.846,MSGF,5,16,66,129
361936,2025-10-15_19:07:53.154,MSGF,5,17,66,129
362251,2025-10-15_19:07:54.469,MSGF,5,18,66,129
362566,2025-10-15_19:07:54.784,MSGF,5,19,66,129
362875,2025-10-15_19:07:54.093,MSGF,5,20,66,129
363183,2025-10-15_19:07:55.401,MSGF,5,21,66,129
363491,2025-10-15_19:07:55.709,MSGF,5,22,66,129
363806,2025-10-15_19:07:55.024,MSGF,5,23,66,129
364121,2025-10-15_19:07:55.339,MSGF,5,24,66,129
364430,2025-10-15_19:07:56.648,MSGF,5,25,66,129
364738,2025-10-15_19:07:56.956,MSGF,5,26,66,129
365046,2025-10-15_19:07:56.264,MSGF,5,27,66,129
365361,2025-10-15_19:07:57.579,MSGF,5,28,66,129
365676,2025-10-15_19:07:57.894,MSGF,5,29,66,129
365985,2025-10-15_19:07:57.203,MSGF,5,30,66,129
366293,2025-10-15_19:07:58.511,MSGF,5,31,66,129
366601,2025-10-15_19:07:58.819,MSGF,5,32,66,129
366916,2025-10-15_19:07:58.134,MSGF,5,33,66,129
367231,2025-10-15_19:07:59.449,MSGF,5,34,66,129
367540,2025-10-15_19:07:59.758,MSGF,5,35,66,129
367849,2025-10-15_19:07:59.067,MSGF,5,36,66,129
368157,2025-10-15_19:07:59.375,MSGF,5,37,66,129
368472,2025-10-15_19:08:00.690,MSGF,5,38,66,129
368787,2025-10-15_19:08:00.005,MSGF,5,39,66,129
369096,2025-10-15_19:08:00.314,MSGF,5,40,66,129
369404,2025-10-15_19:08:01.622,MSGF,5,41,66,129
369713,2025-10-15_19:08:01.931,MSGF,5,42,66,129
370028,2025-10-15_19:08:01.246,MSGF,5,43,66,129
370343,2025-10-15_19:08:02.561,MSGF,5,44,66,129
370652,2025-10-15_19:08:02.870,MSGF,5,45,66,129
370961,2025-10-15_19:08:02.179,MSGF,5,46,66,129
371269,2025-10-15_19:08:03.487,MSGF,5,47,66,129
371584,2025-10-15_19:08:03.802,MSGF,5,48,66,129
371899,2025-10-15_19:08:03.117,MSGF,5,49,66,129
372208,2025-10-15_19:08:04.426,MSGF,5,50,66,129
372516,2025-10-15_19:08:04.734,MSGF,5,51,66,129
372824,2025-10-15_19:08:04.042,MSGF,5,52,66,129
373140,2025-10-15_19:08:04.358,MSGF,5,53,66,129
373454,2025-10-15_19:08:05.672,MSGF,5,54,66,129
373763,2025-10-15_19:08:05.981,MSGF,5,55,66,129
374072,2025-10-15_19:08:05.290,MSGF,5,56,66,129
374380,2025-10-15_19:08:06.598,MSGF,5,57,66,129
374695,2025-10-15_19:08:06.913,MSGF,5,58,66,129
375008,2025-10-15_19:08:06.226,MSGF,5,59,66,129
375317,2025-10-15_19:08:07.535,MSGF,5,60,66,129
375626,2025-10-15_19:08:07.844,MSGF,5,61,66,129
375935,2025-10-15_19:08:07.153,MSGF,5,62,66,129
376251,2025-10-15_19:08:08.469,MSGF,5,63,66,129
376566,2025-10-15_19:08:08.784,MSGF,5,64,66,129
376875,2025-10-15_19:08:08.968,MSGF,5,65,66,46


391380,2025-10-15_19:08:23.671,MSGF,6,0,44,178
391765,2025-10-15_19:08:23.055,MSGF,6,1,44,178
392161,2025-10-15_19:08:24.452,MSGF,6,2,44,178
392544,2025-10-15_19:08:24.834,MSGF,6,3,44,178
392927,2025-10-15_19:08:24.217,MSGF,6,4,44,178
393310,2025-10-15_19:08:25.600,MSGF,6,5,44,178
393693,2025-10-15_19:08:25.983,MSGF,6,6,44,178
394089,2025-10-15_19:08:25.380,MSGF,6,7,44,178
394472,2025-10-15_19:08:26.762,MSGF,6,8,44,178
394855,2025-10-15_19:08:26.145,MSGF,6,9,44,178
395238,2025-10-15_19:08:27.528,MSGF,6,10,44,179
395621,2025-10-15_19:08:27.911,MSGF,6,11,44,179
396018,2025-10-15_19:08:27.309,MSGF,6,12,44,179
396402,2025-10-15_19:08:28.692,MSGF,6,13,44,179
396785,2025-10-15_19:08:28.075,MSGF,6,14,44,179
397168,2025-10-15_19:08:29.458,MSGF,6,15,44,179
397551,2025-10-15_19:08:29.841,MSGF,6,16,44,179
397948,2025-10-15_19:08:29.239,MSGF,6,17,44,179
398333,2025-10-15_19:08:30.623,MSGF,6,18,44,179
398716,2025-10-15_19:08:30.006,MSGF,6,19,44,179
399099,2025-10-15_19:08:31.389,MSGF,6,20,44,179
399482,2025-10-15_19:08:31.772,MSGF,6,21,44,179
399879,2025-10-15_19:08:31.170,MSGF,6,22,44,179
400264,2025-10-15_19:08:32.554,MSGF,6,23,44,179
400647,2025-10-15_19:08:32.937,MSGF,6,24,44,179
401030,2025-10-15_19:08:32.320,MSGF,6,25,44,179
401413,2025-10-15_19:08:33.703,MSGF,6,26,44,179
401810,2025-10-15_19:08:33.101,MSGF,6,27,44,179
402195,2025-10-15_19:08:34.485,MSGF,6,28,44,179
402578,2025-10-15_19:08:34.868,MSGF,6,29,44,179
402961,2025-10-15_19:08:34.251,MSGF,6,30,44,179
403344,2025-10-15_19:08:35.634,MSGF,6,31,44,179
403740,2025-10-15_19:08:35.031,MSGF,6,32,44,179
404125,2025-10-15_19:08:36.415,MSGF,6,33,44,179
404508,2025-10-15_19:08:36.798,MSGF,6,34,44,179
404891,2025-10-15_19:08:36.181,MSGF,6,35,44,179
405274,2025-10-15_19:08:37.564,MSGF,6,36,44,179
405670,2025-10-15_19:08:37.961,MSGF,6,37,44,179
406055,2025-10-15_19:08:37.345,MSGF,6,38,44,179
406438,2025-10-15_19:08:38.728,MSGF,6,39,44,179
406821,2025-10-15_19:08:38.111,MSGF,6,40,44,179
407204,2025-10-15_19:08:39.494,MSGF,6,41,44,179
407601,2025-10-15_19:08:39.892,MSGF,6,42,44,179
407986,2025-10-15_19:08:39.152,MSGF,6,43,44,96



424050,2025-10-15_19:08:55.341,MSGF,7,0,44,178
424434,2025-10-15_19:08:56.724,MSGF,7,1,44,178
424824,2025-10-15_19:08:56.115,MSGF,7,2,44,178
425214,2025-10-15_19:08:57.504,MSGF,7,3,44,178
425597,2025-10-15_19:08:57.887,MSGF,7,4,44,178
425980,2025-10-15_19:08:57.270,MSGF,7,5,44,178
426363,2025-10-15_19:08:58.653,MSGF,7,6,44,178
426753,2025-10-15_19:08:58.044,MSGF,7,7,44,178
427141,2025-10-15_19:08:59.431,MSGF,7,8,44,178
427524,2025-10-15_19:08:59.814,MSGF,7,9,44,178
427907,2025-10-15_19:08:59.197,MSGF,7,10,44,179
428290,2025-10-15_19:09:00.580,MSGF,7,11,44,179
428680,2025-10-15_19:09:00.971,MSGF,7,12,44,179
429070,2025-10-15_19:09:00.360,MSGF,7,13,44,179
429453,2025-10-15_19:09:01.743,MSGF,7,14,44,179
429836,2025-10-15_19:09:01.126,MSGF,7,15,44,179
430219,2025-10-15_19:09:02.509,MSGF,7,16,44,179
430609,2025-10-15_19:09:02.900,MSGF,7,17,44,179
431000,2025-10-15_19:09:02.290,MSGF,7,18,44,179
431383,2025-10-15_19:09:03.673,MSGF,7,19,44,179
431766,2025-10-15_19:09:03.056,MSGF,7,20,44,179
432149,2025-10-15_19:09:04.439,MSGF,7,21,44,179
432539,2025-10-15_19:09:04.830,MSGF,7,22,44,179
432930,2025-10-15_19:09:04.220,MSGF,7,23,44,179
433313,2025-10-15_19:09:05.603,MSGF,7,24,44,179
433696,2025-10-15_19:09:05.986,MSGF,7,25,44,179
434079,2025-10-15_19:09:05.369,MSGF,7,26,44,179
434469,2025-10-15_19:09:06.760,MSGF,7,27,44,179
434859,2025-10-15_19:09:06.149,MSGF,7,28,44,179
435242,2025-10-15_19:09:07.532,MSGF,7,29,44,179
435625,2025-10-15_19:09:07.915,MSGF,7,30,44,179
436008,2025-10-15_19:09:07.298,MSGF,7,31,44,179
436398,2025-10-15_19:09:08.689,MSGF,7,32,44,179
436788,2025-10-15_19:09:08.078,MSGF,7,33,44,179
437171,2025-10-15_19:09:09.461,MSGF,7,34,44,179
437554,2025-10-15_19:09:09.844,MSGF,7,35,44,179
437937,2025-10-15_19:09:09.227,MSGF,7,36,44,179
438327,2025-10-15_19:09:10.618,MSGF,7,37,44,179
438717,2025-10-15_19:09:10.007,MSGF,7,38,44,179
439100,2025-10-15_19:09:11.390,MSGF,7,39,44,179
439483,2025-10-15_19:09:11.773,MSGF,7,40,44,179
439866,2025-10-15_19:09:11.156,MSGF,7,41,44,179
440255,2025-10-15_19:09:12.546,MSGF,7,42,44,179
440646,2025-10-15_19:09:12.812,MSGF,7,43,44,96



452290,2025-10-15_19:09:24.581,MSGF,8,0,44,178
452674,2025-10-15_19:09:24.964,MSGF,8,1,44,178
453062,2025-10-15_19:09:24.352,MSGF,8,2,44,178
453445,2025-10-15_19:09:25.735,MSGF,8,3,44,178
453834,2025-10-15_19:09:25.124,MSGF,8,4,44,178
454217,2025-10-15_19:09:26.507,MSGF,8,5,44,178
454600,2025-10-15_19:09:26.890,MSGF,8,6,44,178
454990,2025-10-15_19:09:26.281,MSGF,8,7,44,178
455374,2025-10-15_19:09:27.664,MSGF,8,8,44,178
455763,2025-10-15_19:09:27.053,MSGF,8,9,44,178
456146,2025-10-15_19:09:28.436,MSGF,8,10,44,179
456529,2025-10-15_19:09:28.819,MSGF,8,11,44,179
456919,2025-10-15_19:09:28.210,MSGF,8,12,44,179
457303,2025-10-15_19:09:29.593,MSGF,8,13,44,179
457692,2025-10-15_19:09:29.982,MSGF,8,14,44,179
458075,2025-10-15_19:09:29.365,MSGF,8,15,44,179
458458,2025-10-15_19:09:30.748,MSGF,8,16,44,179
458848,2025-10-15_19:09:30.139,MSGF,8,17,44,179
459232,2025-10-15_19:09:31.522,MSGF,8,18,44,179
459622,2025-10-15_19:09:31.912,MSGF,8,19,44,179
460005,2025-10-15_19:09:31.295,MSGF,8,20,44,179
460388,2025-10-15_19:09:32.678,MSGF,8,21,44,179
460778,2025-10-15_19:09:32.069,MSGF,8,22,44,179
461162,2025-10-15_19:09:33.452,MSGF,8,23,44,179
461551,2025-10-15_19:09:33.841,MSGF,8,24,44,179
461934,2025-10-15_19:09:33.224,MSGF,8,25,44,179
462317,2025-10-15_19:09:34.607,MSGF,8,26,44,179
462707,2025-10-15_19:09:34.998,MSGF,8,27,44,179
463091,2025-10-15_19:09:34.381,MSGF,8,28,44,179
463480,2025-10-15_19:09:35.770,MSGF,8,29,44,179
463863,2025-10-15_19:09:35.153,MSGF,8,30,44,179
464246,2025-10-15_19:09:36.536,MSGF,8,31,44,179
464636,2025-10-15_19:09:36.927,MSGF,8,32,44,179
465020,2025-10-15_19:09:36.310,MSGF,8,33,44,179
465409,2025-10-15_19:09:37.699,MSGF,8,34,44,179
465792,2025-10-15_19:09:37.082,MSGF,8,35,44,179
466175,2025-10-15_19:09:38.465,MSGF,8,36,44,179
466565,2025-10-15_19:09:38.856,MSGF,8,37,44,179
466949,2025-10-15_19:09:38.239,MSGF,8,38,44,179
467338,2025-10-15_19:09:39.628,MSGF,8,39,44,179
467721,2025-10-15_19:09:39.011,MSGF,8,40,44,179
468104,2025-10-15_19:09:40.394,MSGF,8,41,44,179
468494,2025-10-15_19:09:40.785,MSGF,8,42,44,179
468878,2025-10-15_19:09:40.044,MSGF,8,43,44,96



484980,2025-10-15_19:09:56.343,MSGF,9,0,33,228
485439,2025-10-15_19:09:57.802,MSGF,9,1,33,228
485904,2025-10-15_19:09:57.267,MSGF,9,2,33,228
486363,2025-10-15_19:09:58.725,MSGF,9,3,33,228
486822,2025-10-15_19:09:58.184,MSGF,9,4,33,228
487287,2025-10-15_19:09:59.650,MSGF,9,5,33,228
487746,2025-10-15_19:09:59.108,MSGF,9,6,33,228
488211,2025-10-15_19:10:00.574,MSGF,9,7,33,228
488670,2025-10-15_19:10:00.033,MSGF,9,8,33,228
489129,2025-10-15_19:10:01.491,MSGF,9,9,33,228
489594,2025-10-15_19:10:01.957,MSGF,9,10,33,229
490053,2025-10-15_19:10:02.416,MSGF,9,11,33,229
490518,2025-10-15_19:10:02.881,MSGF,9,12,33,229
490977,2025-10-15_19:10:02.340,MSGF,9,13,33,229
491436,2025-10-15_19:10:03.799,MSGF,9,14,33,229
491901,2025-10-15_19:10:03.264,MSGF,9,15,33,229
492360,2025-10-15_19:10:04.723,MSGF,9,16,33,229
492825,2025-10-15_19:10:04.188,MSGF,9,17,33,229
493284,2025-10-15_19:10:05.647,MSGF,9,18,33,229
493743,2025-10-15_19:10:05.106,MSGF,9,19,33,229
494208,2025-10-15_19:10:06.571,MSGF,9,20,33,229
494667,2025-10-15_19:10:06.030,MSGF,9,21,33,229
495132,2025-10-15_19:10:07.495,MSGF,9,22,33,229
495591,2025-10-15_19:10:07.954,MSGF,9,23,33,229
496050,2025-10-15_19:10:08.413,MSGF,9,24,33,229
496515,2025-10-15_19:10:08.878,MSGF,9,25,33,229
496974,2025-10-15_19:10:08.337,MSGF,9,26,33,229
497439,2025-10-15_19:10:09.802,MSGF,9,27,33,229
497898,2025-10-15_19:10:09.261,MSGF,9,28,33,229
498357,2025-10-15_19:10:10.720,MSGF,9,29,33,229
498822,2025-10-15_19:10:10.185,MSGF,9,30,33,229
499281,2025-10-15_19:10:11.644,MSGF,9,31,33,229
499746,2025-10-15_19:10:11.990,MSGF,9,32,33,146



513848,2025-10-15_19:10:25.212,MSGF,10,0,33,229
514308,2025-10-15_19:10:26.671,MSGF,10,1,33,229
514774,2025-10-15_19:10:26.137,MSGF,10,2,33,229
515239,2025-10-15_19:10:27.602,MSGF,10,3,33,229
515698,2025-10-15_19:10:27.061,MSGF,10,4,33,229
516157,2025-10-15_19:10:28.520,MSGF,10,5,33,229
516616,2025-10-15_19:10:28.979,MSGF,10,6,33,229
517081,2025-10-15_19:10:29.444,MSGF,10,7,33,229
517546,2025-10-15_19:10:29.909,MSGF,10,8,33,229
518005,2025-10-15_19:10:29.368,MSGF,10,9,33,229
518464,2025-10-15_19:10:30.832,MSGF,10,10,33,230
518928,2025-10-15_19:10:30.296,MSGF,10,11,33,230
519398,2025-10-15_19:10:31.766,MSGF,10,12,33,230
519868,2025-10-15_19:10:31.236,MSGF,10,13,33,230
520332,2025-10-15_19:10:32.700,MSGF,10,14,33,230
520796,2025-10-15_19:10:32.164,MSGF,10,15,33,230
521260,2025-10-15_19:10:33.628,MSGF,10,16,33,230
521730,2025-10-15_19:10:33.098,MSGF,10,17,33,230
522200,2025-10-15_19:10:34.568,MSGF,10,18,33,230
522664,2025-10-15_19:10:34.032,MSGF,10,19,33,230
523128,2025-10-15_19:10:35.496,MSGF,10,20,33,230
523592,2025-10-15_19:10:35.960,MSGF,10,21,33,230
524062,2025-10-15_19:10:36.430,MSGF,10,22,33,230
524532,2025-10-15_19:10:36.900,MSGF,10,23,33,230
524996,2025-10-15_19:10:36.364,MSGF,10,24,33,230
525460,2025-10-15_19:10:37.828,MSGF,10,25,33,230
525924,2025-10-15_19:10:37.292,MSGF,10,26,33,230
526394,2025-10-15_19:10:38.762,MSGF,10,27,33,230
526864,2025-10-15_19:10:38.232,MSGF,10,28,33,230
527328,2025-10-15_19:10:39.696,MSGF,10,29,33,230
527792,2025-10-15_19:10:39.160,MSGF,10,30,33,230
528256,2025-10-15_19:10:40.624,MSGF,10,31,33,230
528726,2025-10-15_19:10:40.970,MSGF,10,32,33,147



557036,2025-10-15_19:11:09.400,MSGF,11,0,33,229
557496,2025-10-15_19:11:09.859,MSGF,11,1,33,229
557955,2025-10-15_19:11:09.318,MSGF,11,2,33,229
558414,2025-10-15_19:11:10.777,MSGF,11,3,33,229
558883,2025-10-15_19:11:10.246,MSGF,11,4,33,229
559342,2025-10-15_19:11:11.705,MSGF,11,5,33,229
559801,2025-10-15_19:11:11.164,MSGF,11,6,33,229
560260,2025-10-15_19:11:12.623,MSGF,11,7,33,229
560719,2025-10-15_19:11:12.082,MSGF,11,8,33,229
561190,2025-10-15_19:11:13.553,MSGF,11,9,33,229
561649,2025-10-15_19:11:13.017,MSGF,11,10,33,230
562113,2025-10-15_19:11:14.481,MSGF,11,11,33,230
562577,2025-10-15_19:11:14.945,MSGF,11,12,33,230
563041,2025-10-15_19:11:15.409,MSGF,11,13,33,230
563517,2025-10-15_19:11:15.885,MSGF,11,14,33,230
563981,2025-10-15_19:11:15.349,MSGF,11,15,33,230
564445,2025-10-15_19:11:16.813,MSGF,11,16,33,230
564909,2025-10-15_19:11:16.277,MSGF,11,17,33,230
565373,2025-10-15_19:11:17.741,MSGF,11,18,33,230
565849,2025-10-15_19:11:17.217,MSGF,11,19,33,230
566313,2025-10-15_19:11:18.681,MSGF,11,20,33,230
566777,2025-10-15_19:11:18.145,MSGF,11,21,33,230
567241,2025-10-15_19:11:19.609,MSGF,11,22,33,230
567705,2025-10-15_19:11:19.073,MSGF,11,23,33,230
568181,2025-10-15_19:11:20.549,MSGF,11,24,33,230
568646,2025-10-15_19:11:20.014,MSGF,11,25,33,230
569110,2025-10-15_19:11:21.478,MSGF,11,26,33,230
569574,2025-10-15_19:11:21.942,MSGF,11,27,33,230
570038,2025-10-15_19:11:22.406,MSGF,11,28,33,230
570514,2025-10-15_19:11:22.882,MSGF,11,29,33,230
570978,2025-10-15_19:11:22.346,MSGF,11,30,33,230
571442,2025-10-15_19:11:23.810,MSGF,11,31,33,230
571906,2025-10-15_19:11:23.150,MSGF,11,32,33,147