time_ms,local_time,packet_type,sequence_no,fragment_idx,total_fragments,packet_size_bytes

48406,2025-10-15_16:08:24.411,MSGF,0,0,131,79
49123,2025-10-15_16:08:25.128,MSGF,0,1,131,79
49839,2025-10-15_16:08:26.844,MSGF,0,2,131,79
50555,2025-10-15_16:08:27.560,MSGF,0,3,131,79
51274,2025-10-15_16:08:27.279,MSGF,0,4,131,79
51990,2025-10-15_16:08:28.995,MSGF,0,5,131,79
52706,2025-10-15_16:08:29.711,MSGF,0,6,131,79
53422,2025-10-15_16:08:29.427,MSGF,0,7,131,79
54138,2025-10-15_16:08:30.143,MSGF,0,8,131,79
54864,2025-10-15_16:08:31.869,MSGF,0,9,131,79
55580,2025-10-15_16:08:32.585,MSGF,0,10,131,80
56296,2025-10-15_16:08:32.301,MSGF,0,11,131,80
57765,2025-10-15_16:08:34.770,MSGF,0,11,131,80
59234,2025-10-15_16:08:35.239,MSGF,0,11,131,80
59955,2025-10-15_16:08:36.960,MSGF,0,12,131,80
60671,2025-10-15_16:08:37.676,MSGF,0,13,131,80
61392,2025-10-15_16:08:37.397,MSGF,0,14,131,80
62108,2025-10-15_16:08:38.113,MSGF,0,15,131,80
62824,2025-10-15_16:08:39.829,MSGF,0,16,131,80
63545,2025-10-15_16:08:40.550,MSGF,0,17,131,80
64261,2025-10-15_16:08:40.266,MSGF,0,18,131,80
66451,2025-10-15_16:08:43.456,MSGF,0,19,131,80
67167,2025-10-15_16:08:43.172,MSGF,0,20,131,80
67883,2025-10-15_16:08:44.888,MSGF,0,21,131,80
68604,2025-10-15_16:08:45.609,MSGF,0,22,131,80
69320,2025-10-15_16:08:45.325,MSGF,0,23,131,80
70041,2025-10-15_16:08:46.046,MSGF,0,24,131,80
70757,2025-10-15_16:08:47.762,MSGF,0,25,131,80
71473,2025-10-15_16:08:48.478,MSGF,0,26,131,80
72194,2025-10-15_16:08:48.199,MSGF,0,27,131,80
72910,2025-10-15_16:08:49.915,MSGF,0,28,131,80
73631,2025-10-15_16:08:50.636,MSGF,0,29,131,80
74347,2025-10-15_16:08:50.352,MSGF,0,30,131,80
75063,2025-10-15_16:08:51.068,MSGF,0,31,131,80
75784,2025-10-15_16:08:52.789,MSGF,0,32,131,80
76500,2025-10-15_16:08:53.505,MSGF,0,33,131,80
77221,2025-10-15_16:08:53.226,MSGF,0,34,131,80
77937,2025-10-15_16:08:54.942,MSGF,0,35,131,80
78653,2025-10-15_16:08:55.658,MSGF,0,36,131,80
79374,2025-10-15_16:08:55.379,MSGF,0,37,131,80
80090,2025-10-15_16:08:56.095,MSGF,0,38,131,80
81559,2025-10-15_16:08:58.564,MSGF,0,38,131,80
82280,2025-10-15_16:08:58.285,MSGF,0,39,131,80
82996,2025-10-15_16:08:59.001,MSGF,0,40,131,80
83717,2025-10-15_16:09:00.722,MSGF,0,41,131,80
84433,2025-10-15_16:09:01.438,MSGF,0,42,131,80
85902,2025-10-15_16:09:02.907,MSGF,0,42,131,80
86618,2025-10-15_16:09:03.623,MSGF,0,43,131,80
87339,2025-10-15_16:09:03.344,MSGF,0,44,131,80
88060,2025-10-15_16:09:04.065,MSGF,0,45,131,80
88776,2025-10-15_16:09:05.781,MSGF,0,46,131,80
90245,2025-10-15_16:09:06.250,MSGF,0,46,131,80
90961,2025-10-15_16:09:07.966,MSGF,0,47,131,80
91677,2025-10-15_16:09:08.682,MSGF,0,48,131,80
92403,2025-10-15_16:09:08.408,MSGF,0,49,131,80
93119,2025-10-15_16:09:09.124,MSGF,0,50,131,80
93835,2025-10-15_16:09:10.840,MSGF,0,51,131,80
94551,2025-10-15_16:09:11.556,MSGF,0,52,131,80
95267,2025-10-15_16:09:11.272,MSGF,0,53,131,80
95993,2025-10-15_16:09:12.998,MSGF,0,54,131,80
96709,2025-10-15_16:09:13.714,MSGF,0,55,131,80
97425,2025-10-15_16:09:14.430,MSGF,0,56,131,80
98141,2025-10-15_16:09:14.146,MSGF,0,57,131,80
98857,2025-10-15_16:09:15.862,MSGF,0,58,131,80
99583,2025-10-15_16:09:16.588,MSGF,0,59,131,80
100299,2025-10-15_16:09:16.304,MSGF,0,60,131,80
101015,2025-10-15_16:09:17.020,MSGF,0,61,131,80
101731,2025-10-15_16:09:18.736,MSGF,0,62,131,80
102447,2025-10-15_16:09:19.452,MSGF,0,63,131,80
103173,2025-10-15_16:09:19.178,MSGF,0,64,131,80
103889,2025-10-15_16:09:20.894,MSGF,0,65,131,80
104605,2025-10-15_16:09:21.610,MSGF,0,66,131,80
105321,2025-10-15_16:09:21.326,MSGF,0,67,131,80
106037,2025-10-15_16:09:22.042,MSGF,0,68,131,80
106764,2025-10-15_16:09:23.769,MSGF,0,69,131,80
107480,2025-10-15_16:09:24.485,MSGF,0,70,131,80
108196,2025-10-15_16:09:24.201,MSGF,0,71,131,80
108912,2025-10-15_16:09:25.917,MSGF,0,72,131,80
109628,2025-10-15_16:09:26.633,MSGF,0,73,131,80
110354,2025-10-15_16:09:26.359,MSGF,0,74,131,80
111070,2025-10-15_16:09:27.075,MSGF,0,75,131,80
111786,2025-10-15_16:09:28.791,MSGF,0,76,131,80
112502,2025-10-15_16:09:29.507,MSGF,0,77,131,80
113218,2025-10-15_16:09:29.223,MSGF,0,78,131,80
113944,2025-10-15_16:09:30.949,MSGF,0,79,131,80
114660,2025-10-15_16:09:31.665,MSGF,0,80,131,80
115376,2025-10-15_16:09:31.381,MSGF,0,81,131,80
116092,2025-10-15_16:09:32.097,MSGF,0,82,131,80
116808,2025-10-15_16:09:33.813,MSGF,0,83,131,80
117534,2025-10-15_16:09:34.539,MSGF,0,84,131,80
118250,2025-10-15_16:09:34.255,MSGF,0,85,131,80
118966,2025-10-15_16:09:35.971,MSGF,0,86,131,80
119682,2025-10-15_16:09:36.687,MSGF,0,87,131,80
120398,2025-10-15_16:09:36.403,MSGF,0,88,131,80
121125,2025-10-15_16:09:37.130,MSGF,0,89,131,80
121841,2025-10-15_16:09:38.846,MSGF,0,90,131,80
122557,2025-10-15_16:09:39.562,MSGF,0,91,131,80
123273,2025-10-15_16:09:39.278,MSGF,0,92,131,80
123989,2025-10-15_16:09:40.994,MSGF,0,93,131,80
124716,2025-10-15_16:09:41.721,MSGF,0,94,131,80
125432,2025-10-15_16:09:42.437,MSGF,0,95,131,80
126148,2025-10-15_16:09:42.153,MSGF,0,96,131,80
126864,2025-10-15_16:09:43.869,MSGF,0,97,131,80
127580,2025-10-15_16:09:44.585,MSGF,0,98,131,80
128307,2025-10-15_16:09:44.312,MSGF,0,99,131,80
129043,2025-10-15_16:09:45.048,MSGF,0,100,131,81
129799,2025-10-15_16:09:46.804,MSGF,0,101,131,81
130555,2025-10-15_16:09:47.560,MSGF,0,102,131,81
131311,2025-10-15_16:09:47.316,MSGF,0,103,131,81
132078,2025-10-15_16:09:48.083,MSGF,0,104,131,81
132834,2025-10-15_16:09:49.839,MSGF,0,105,131,81
133590,2025-10-15_16:09:50.595,MSGF,0,106,131,81
134346,2025-10-15_16:09:50.351,MSGF,0,107,131,81
135102,2025-10-15_16:09:51.107,MSGF,0,108,131,81
135869,2025-10-15_16:09:52.874,MSGF,0,109,131,81
136625,2025-10-15_16:09:53.630,MSGF,0,110,131,81
137381,2025-10-15_16:09:53.386,MSGF,0,111,131,81
138137,2025-10-15_16:09:54.142,MSGF,0,112,131,81
138893,2025-10-15_16:09:55.898,MSGF,0,113,131,81
139659,2025-10-15_16:09:56.664,MSGF,0,114,131,81
140415,2025-10-15_16:09:56.420,MSGF,0,115,131,81
141171,2025-10-15_16:09:57.176,MSGF,0,116,131,81
141927,2025-10-15_16:09:58.932,MSGF,0,117,131,81
142683,2025-10-15_16:09:59.688,MSGF,0,118,131,81
143450,2025-10-15_16:10:00.455,MSGF,0,119,131,81
144206,2025-10-15_16:10:00.211,MSGF,0,120,131,81
144962,2025-10-15_16:10:01.967,MSGF,0,121,131,81
145718,2025-10-15_16:10:02.723,MSGF,0,122,131,81
146474,2025-10-15_16:10:03.479,MSGF,0,123,131,81
147242,2025-10-15_16:10:03.247,MSGF,0,124,131,81
147998,2025-10-15_16:10:04.003,MSGF,0,125,131,81
148754,2025-10-15_16:10:05.759,MSGF,0,126,131,81
149510,2025-10-15_16:10:06.515,MSGF,0,127,131,81
150266,2025-10-15_16:10:06.271,MSGF,0,128,131,81
151033,2025-10-15_16:10:07.038,MSGF,0,129,131,81
151625,2025-10-15_16:10:08.628,MSGF,0,130,131,48

318155,2025-10-15_16:12:54.160,MSGF,1,0,131,79
318871,2025-10-15_16:12:55.876,MSGF,1,1,131,79
319592,2025-10-15_16:12:56.597,MSGF,1,2,131,79
320313,2025-10-15_16:12:56.318,MSGF,1,3,131,79
321028,2025-10-15_16:12:57.033,MSGF,1,4,131,79
321743,2025-10-15_16:12:58.748,MSGF,1,5,131,79
322458,2025-10-15_16:12:59.463,MSGF,1,6,131,79
323179,2025-10-15_16:12:59.184,MSGF,1,7,131,79
323900,2025-10-15_16:13:00.905,MSGF,1,8,131,79
324615,2025-10-15_16:13:01.620,MSGF,1,9,131,79
325330,2025-10-15_16:13:01.335,MSGF,1,10,131,80
326045,2025-10-15_16:13:02.050,MSGF,1,11,131,80
326766,2025-10-15_16:13:03.771,MSGF,1,12,131,80
327488,2025-10-15_16:13:04.493,MSGF,1,13,131,80
328203,2025-10-15_16:13:04.208,MSGF,1,14,131,80
328918,2025-10-15_16:13:05.923,MSGF,1,15,131,80
329633,2025-10-15_16:13:06.638,MSGF,1,16,131,80
330354,2025-10-15_16:13:06.359,MSGF,1,17,131,80
331076,2025-10-15_16:13:07.081,MSGF,1,18,131,80
331791,2025-10-15_16:13:08.796,MSGF,1,19,131,80
332506,2025-10-15_16:13:09.511,MSGF,1,20,131,80
333221,2025-10-15_16:13:09.226,MSGF,1,21,131,80
333942,2025-10-15_16:13:10.947,MSGF,1,22,131,80
334663,2025-10-15_16:13:11.668,MSGF,1,23,131,80
335378,2025-10-15_16:13:11.383,MSGF,1,24,131,80
336093,2025-10-15_16:13:12.098,MSGF,1,25,131,80
336808,2025-10-15_16:13:13.813,MSGF,1,26,131,80
337529,2025-10-15_16:13:14.534,MSGF,1,27,131,80
338250,2025-10-15_16:13:14.255,MSGF,1,28,131,80
338965,2025-10-15_16:13:15.970,MSGF,1,29,131,80
339680,2025-10-15_16:13:16.685,MSGF,1,30,131,80
340395,2025-10-15_16:13:16.400,MSGF,1,31,131,80
341116,2025-10-15_16:13:17.121,MSGF,1,32,131,80
341838,2025-10-15_16:13:18.843,MSGF,1,33,131,80
342553,2025-10-15_16:13:19.558,MSGF,1,34,131,80
343268,2025-10-15_16:13:19.273,MSGF,1,35,131,80
343983,2025-10-15_16:13:20.988,MSGF,1,36,131,80
344704,2025-10-15_16:13:21.709,MSGF,1,37,131,80
345426,2025-10-15_16:13:22.431,MSGF,1,38,131,80
346141,2025-10-15_16:13:22.146,MSGF,1,39,131,80
346856,2025-10-15_16:13:23.861,MSGF,1,40,131,80
347571,2025-10-15_16:13:24.576,MSGF,1,41,131,80
348292,2025-10-15_16:13:24.297,MSGF,1,42,131,80
349014,2025-10-15_16:13:25.019,MSGF,1,43,131,80
349729,2025-10-15_16:13:26.734,MSGF,1,44,131,80
350444,2025-10-15_16:13:27.449,MSGF,1,45,131,80
351159,2025-10-15_16:13:27.164,MSGF,1,46,131,80
351880,2025-10-15_16:13:28.885,MSGF,1,47,131,80
352602,2025-10-15_16:13:29.607,MSGF,1,48,131,80
353317,2025-10-15_16:13:29.322,MSGF,1,49,131,80
354032,2025-10-15_16:13:30.037,MSGF,1,50,131,80
354747,2025-10-15_16:13:31.752,MSGF,1,51,131,80
355468,2025-10-15_16:13:32.473,MSGF,1,52,131,80
356190,2025-10-15_16:13:32.195,MSGF,1,53,131,80
356905,2025-10-15_16:13:33.910,MSGF,1,54,131,80
357620,2025-10-15_16:13:34.625,MSGF,1,55,131,80
358335,2025-10-15_16:13:34.340,MSGF,1,56,131,80
359056,2025-10-15_16:13:35.061,MSGF,1,57,131,80
359778,2025-10-15_16:13:36.783,MSGF,1,58,131,80
360493,2025-10-15_16:13:37.498,MSGF,1,59,131,80
361208,2025-10-15_16:13:37.213,MSGF,1,60,131,80
361923,2025-10-15_16:13:38.928,MSGF,1,61,131,80
362644,2025-10-15_16:13:39.649,MSGF,1,62,131,80
363366,2025-10-15_16:13:39.371,MSGF,1,63,131,80
364081,2025-10-15_16:13:40.086,MSGF,1,64,131,80
364796,2025-10-15_16:13:41.801,MSGF,1,65,131,80
365511,2025-10-15_16:13:42.516,MSGF,1,66,131,80
366986,2025-10-15_16:13:43.991,MSGF,1,66,131,80
367713,2025-10-15_16:13:44.718,MSGF,1,67,131,80
368428,2025-10-15_16:13:45.433,MSGF,1,68,131,80
369143,2025-10-15_16:13:45.148,MSGF,1,69,131,80
369858,2025-10-15_16:13:46.863,MSGF,1,70,131,80
370574,2025-10-15_16:13:47.579,MSGF,1,71,131,80
371302,2025-10-15_16:13:47.307,MSGF,1,72,131,80
372017,2025-10-15_16:13:48.022,MSGF,1,73,131,80
372732,2025-10-15_16:13:49.737,MSGF,1,74,131,80
373447,2025-10-15_16:13:50.452,MSGF,1,75,131,80
374163,2025-10-15_16:13:50.168,MSGF,1,76,131,80
374891,2025-10-15_16:13:51.896,MSGF,1,77,131,80
375606,2025-10-15_16:13:52.611,MSGF,1,78,131,80
376321,2025-10-15_16:13:52.326,MSGF,1,79,131,80
377036,2025-10-15_16:13:53.041,MSGF,1,80,131,80
377752,2025-10-15_16:13:54.757,MSGF,1,81,131,80
378480,2025-10-15_16:13:55.485,MSGF,1,82,131,80
379195,2025-10-15_16:13:55.200,MSGF,1,83,131,80
379910,2025-10-15_16:13:56.915,MSGF,1,84,131,80
380625,2025-10-15_16:13:57.630,MSGF,1,85,131,80
381341,2025-10-15_16:13:57.346,MSGF,1,86,131,80
382069,2025-10-15_16:13:58.074,MSGF,1,87,131,80
382784,2025-10-15_16:13:59.789,MSGF,1,88,131,80
383499,2025-10-15_16:14:00.504,MSGF,1,89,131,80
384214,2025-10-15_16:14:00.219,MSGF,1,90,131,80
384930,2025-10-15_16:14:01.935,MSGF,1,91,131,80
385658,2025-10-15_16:14:02.663,MSGF,1,92,131,80
386373,2025-10-15_16:14:02.378,MSGF,1,93,131,80
387088,2025-10-15_16:14:03.093,MSGF,1,94,131,80
387803,2025-10-15_16:14:04.808,MSGF,1,95,131,80
388519,2025-10-15_16:14:05.524,MSGF,1,96,131,80
389247,2025-10-15_16:14:05.252,MSGF,1,97,131,80
391432,2025-10-15_16:14:08.437,MSGF,1,98,131,80
392901,2025-10-15_16:14:09.906,MSGF,1,98,131,80
393617,2025-10-15_16:14:10.622,MSGF,1,99,131,80
394353,2025-10-15_16:14:10.358,MSGF,1,100,131,81
395842,2025-10-15_16:14:12.847,MSGF,1,100,131,81
396599,2025-10-15_16:14:13.604,MSGF,1,101,131,81
397361,2025-10-15_16:14:13.366,MSGF,1,102,131,81
398118,2025-10-15_16:14:14.123,MSGF,1,103,131,81
398875,2025-10-15_16:14:15.880,MSGF,1,104,131,81
399638,2025-10-15_16:14:16.643,MSGF,1,105,131,81
400395,2025-10-15_16:14:16.400,MSGF,1,106,131,81
401158,2025-10-15_16:14:17.163,MSGF,1,107,131,81
401915,2025-10-15_16:14:18.920,MSGF,1,108,131,81
402672,2025-10-15_16:14:19.677,MSGF,1,109,131,81
403435,2025-10-15_16:14:20.440,MSGF,1,110,131,81
404192,2025-10-15_16:14:20.197,MSGF,1,111,131,81
405681,2025-10-15_16:14:22.686,MSGF,1,111,131,81
406444,2025-10-15_16:14:23.449,MSGF,1,112,131,81
407933,2025-10-15_16:14:24.938,MSGF,1,112,131,81
408696,2025-10-15_16:14:25.701,MSGF,1,113,131,81
409453,2025-10-15_16:14:26.458,MSGF,1,114,131,81
410210,2025-10-15_16:14:26.215,MSGF,1,115,131,81
410967,2025-10-15_16:14:27.972,MSGF,1,116,131,81
411730,2025-10-15_16:14:28.735,MSGF,1,117,131,81
413982,2025-10-15_16:14:30.987,MSGF,1,118,131,81
414739,2025-10-15_16:14:31.744,MSGF,1,119,131,81
415496,2025-10-15_16:14:32.501,MSGF,1,120,131,81
416253,2025-10-15_16:14:32.258,MSGF,1,121,131,81
417016,2025-10-15_16:14:33.021,MSGF,1,122,131,81
417779,2025-10-15_16:14:34.784,MSGF,1,123,131,81
418536,2025-10-15_16:14:35.541,MSGF,1,124,131,81
419293,2025-10-15_16:14:35.298,MSGF,1,125,131,81
421539,2025-10-15_16:14:38.544,MSGF,1,126,131,81
422302,2025-10-15_16:14:38.307,MSGF,1,127,131,81
423065,2025-10-15_16:14:39.070,MSGF,1,128,131,81
423822,2025-10-15_16:14:40.827,MSGF,1,129,131,81
424415,2025-10-15_16:14:40.418,MSGF,1,130,131,48

596876,2025-10-15_16:17:33.881,MSGF,2,0,131,79
597592,2025-10-15_16:17:34.597,MSGF,2,1,131,79
598313,2025-10-15_16:17:34.318,MSGF,2,2,131,79
599029,2025-10-15_16:17:35.034,MSGF,2,3,131,79
599745,2025-10-15_16:17:36.750,MSGF,2,4,131,79
600466,2025-10-15_16:17:37.471,MSGF,2,5,131,79
601182,2025-10-15_16:17:37.187,MSGF,2,6,131,79
603377,2025-10-15_16:17:39.382,MSGF,2,7,131,79
604093,2025-10-15_16:17:40.098,MSGF,2,8,131,79
604809,2025-10-15_16:17:41.814,MSGF,2,9,131,79
605531,2025-10-15_16:17:42.536,MSGF,2,10,131,80
606247,2025-10-15_16:17:42.252,MSGF,2,11,131,80
606968,2025-10-15_16:17:43.973,MSGF,2,12,131,80
607684,2025-10-15_16:17:44.689,MSGF,2,13,131,80
608400,2025-10-15_16:17:44.405,MSGF,2,14,131,80
609122,2025-10-15_16:17:45.127,MSGF,2,15,131,80
609838,2025-10-15_16:17:46.843,MSGF,2,16,131,80
610559,2025-10-15_16:17:47.564,MSGF,2,17,131,80
611275,2025-10-15_16:17:47.280,MSGF,2,18,131,80
611991,2025-10-15_16:17:48.996,MSGF,2,19,131,80
612713,2025-10-15_16:17:49.718,MSGF,2,20,131,80
613429,2025-10-15_16:17:50.434,MSGF,2,21,131,80
614150,2025-10-15_16:17:50.155,MSGF,2,22,131,80
614866,2025-10-15_16:17:51.871,MSGF,2,23,131,80
615582,2025-10-15_16:17:52.587,MSGF,2,24,131,80
616304,2025-10-15_16:17:52.309,MSGF,2,25,131,80
617020,2025-10-15_16:17:53.025,MSGF,2,26,131,80
617741,2025-10-15_16:17:54.746,MSGF,2,27,131,80
618457,2025-10-15_16:17:55.462,MSGF,2,28,131,80
619173,2025-10-15_16:17:55.178,MSGF,2,29,131,80
619895,2025-10-15_16:17:56.900,MSGF,2,30,131,80
620611,2025-10-15_16:17:57.616,MSGF,2,31,131,80
621332,2025-10-15_16:17:57.337,MSGF,2,32,131,80
622048,2025-10-15_16:17:58.053,MSGF,2,33,131,80
622764,2025-10-15_16:17:59.769,MSGF,2,34,131,80
623486,2025-10-15_16:18:00.491,MSGF,2,35,131,80
624202,2025-10-15_16:18:00.207,MSGF,2,36,131,80
624923,2025-10-15_16:18:01.928,MSGF,2,37,131,80
625639,2025-10-15_16:18:02.644,MSGF,2,38,131,80
626355,2025-10-15_16:18:02.360,MSGF,2,39,131,80
627077,2025-10-15_16:18:03.082,MSGF,2,40,131,80
627793,2025-10-15_16:18:04.798,MSGF,2,41,131,80
628514,2025-10-15_16:18:05.519,MSGF,2,42,131,80
629230,2025-10-15_16:18:05.235,MSGF,2,43,131,80
629946,2025-10-15_16:18:06.951,MSGF,2,44,131,80
630668,2025-10-15_16:18:07.673,MSGF,2,45,131,80
631384,2025-10-15_16:18:07.389,MSGF,2,46,131,80
632105,2025-10-15_16:18:08.110,MSGF,2,47,131,80
632821,2025-10-15_16:18:09.826,MSGF,2,48,131,80
633537,2025-10-15_16:18:10.542,MSGF,2,49,131,80
634259,2025-10-15_16:18:10.264,MSGF,2,50,131,80
634975,2025-10-15_16:18:11.980,MSGF,2,51,131,80
635696,2025-10-15_16:18:12.701,MSGF,2,52,131,80
636412,2025-10-15_16:18:12.417,MSGF,2,53,131,80
637128,2025-10-15_16:18:13.133,MSGF,2,54,131,80
637850,2025-10-15_16:18:14.855,MSGF,2,55,131,80
638566,2025-10-15_16:18:15.571,MSGF,2,56,131,80
639287,2025-10-15_16:18:15.292,MSGF,2,57,131,80
640003,2025-10-15_16:18:16.008,MSGF,2,58,131,80
640719,2025-10-15_16:18:17.724,MSGF,2,59,131,80
641441,2025-10-15_16:18:18.446,MSGF,2,60,131,80
642157,2025-10-15_16:18:18.162,MSGF,2,61,131,80
642878,2025-10-15_16:18:19.883,MSGF,2,62,131,80
643594,2025-10-15_16:18:20.599,MSGF,2,63,131,80
644310,2025-10-15_16:18:20.315,MSGF,2,64,131,80
645032,2025-10-15_16:18:21.037,MSGF,2,65,131,80
645748,2025-10-15_16:18:22.753,MSGF,2,66,131,80
646469,2025-10-15_16:18:23.474,MSGF,2,67,131,80
647185,2025-10-15_16:18:23.190,MSGF,2,68,131,80
647901,2025-10-15_16:18:24.906,MSGF,2,69,131,80
648623,2025-10-15_16:18:25.628,MSGF,2,70,131,80
649339,2025-10-15_16:18:25.344,MSGF,2,71,131,80
650060,2025-10-15_16:18:26.065,MSGF,2,72,131,80
650776,2025-10-15_16:18:27.781,MSGF,2,73,131,80
651492,2025-10-15_16:18:28.497,MSGF,2,74,131,80
652214,2025-10-15_16:18:28.219,MSGF,2,75,131,80
652930,2025-10-15_16:18:29.935,MSGF,2,76,131,80
653651,2025-10-15_16:18:30.656,MSGF,2,77,131,80
654367,2025-10-15_16:18:30.372,MSGF,2,78,131,80
655083,2025-10-15_16:18:31.088,MSGF,2,79,131,80
655805,2025-10-15_16:18:32.810,MSGF,2,80,131,80
657274,2025-10-15_16:18:33.279,MSGF,2,80,131,80
657995,2025-10-15_16:18:34.000,MSGF,2,81,131,80
658711,2025-10-15_16:18:35.716,MSGF,2,82,131,80
659427,2025-10-15_16:18:36.432,MSGF,2,83,131,80
660143,2025-10-15_16:18:36.148,MSGF,2,84,131,80
661612,2025-10-15_16:18:38.617,MSGF,2,84,131,80
662339,2025-10-15_16:18:38.344,MSGF,2,85,131,80
663055,2025-10-15_16:18:39.060,MSGF,2,86,131,80
663771,2025-10-15_16:18:40.776,MSGF,2,87,131,80
664487,2025-10-15_16:18:41.492,MSGF,2,88,131,80
665956,2025-10-15_16:18:42.961,MSGF,2,88,131,80
666677,2025-10-15_16:18:43.682,MSGF,2,89,131,80
667398,2025-10-15_16:18:43.403,MSGF,2,90,131,80
668114,2025-10-15_16:18:44.119,MSGF,2,91,131,80
668830,2025-10-15_16:18:45.835,MSGF,2,92,131,80
669546,2025-10-15_16:18:46.551,MSGF,2,93,131,80
670267,2025-10-15_16:18:46.272,MSGF,2,94,131,80
670989,2025-10-15_16:18:47.994,MSGF,2,95,131,80
671705,2025-10-15_16:18:48.710,MSGF,2,96,131,80
672421,2025-10-15_16:18:48.426,MSGF,2,97,131,80
673137,2025-10-15_16:18:49.142,MSGF,2,98,131,80
673858,2025-10-15_16:18:50.863,MSGF,2,99,131,80
674600,2025-10-15_16:18:51.605,MSGF,2,100,131,81
675356,2025-10-15_16:18:51.361,MSGF,2,101,131,81
676112,2025-10-15_16:18:52.117,MSGF,2,102,131,81
676868,2025-10-15_16:18:53.873,MSGF,2,103,131,81
677631,2025-10-15_16:18:54.636,MSGF,2,104,131,81
678393,2025-10-15_16:18:54.398,MSGF,2,105,131,81
679149,2025-10-15_16:18:55.154,MSGF,2,106,131,81
679905,2025-10-15_16:18:56.910,MSGF,2,107,131,81
680661,2025-10-15_16:18:57.666,MSGF,2,108,131,81
681424,2025-10-15_16:18:58.429,MSGF,2,109,131,81
682186,2025-10-15_16:18:58.191,MSGF,2,110,131,81
682942,2025-10-15_16:18:59.947,MSGF,2,111,131,81
683698,2025-10-15_16:19:00.703,MSGF,2,112,131,81
684454,2025-10-15_16:19:01.459,MSGF,2,113,131,81
685216,2025-10-15_16:19:01.221,MSGF,2,114,131,81
685978,2025-10-15_16:19:02.983,MSGF,2,115,131,81
686734,2025-10-15_16:19:03.739,MSGF,2,116,131,81
687490,2025-10-15_16:19:04.495,MSGF,2,117,131,81
688246,2025-10-15_16:19:04.251,MSGF,2,118,131,81
689009,2025-10-15_16:19:05.014,MSGF,2,119,131,81
689771,2025-10-15_16:19:06.776,MSGF,2,120,131,81
690527,2025-10-15_16:19:07.532,MSGF,2,121,131,81
691283,2025-10-15_16:19:07.288,MSGF,2,122,131,81
692039,2025-10-15_16:19:08.044,MSGF,2,123,131,81
692801,2025-10-15_16:19:09.806,MSGF,2,124,131,81
693563,2025-10-15_16:19:10.568,MSGF,2,125,131,81
694319,2025-10-15_16:19:10.324,MSGF,2,126,131,81
695075,2025-10-15_16:19:11.080,MSGF,2,127,131,81
695831,2025-10-15_16:19:12.836,MSGF,2,128,131,81
696594,2025-10-15_16:19:13.599,MSGF,2,129,131,81
697192,2025-10-15_16:19:13.195,MSGF,2,130,131,48





724550,2025-10-15_16:19:41.558,MSGF,3,0,66,128
725494,2025-10-15_16:19:42.501,MSGF,3,1,66,128
726438,2025-10-15_16:19:43.445,MSGF,3,2,66,128
727394,2025-10-15_16:19:43.401,MSGF,3,3,66,128
728338,2025-10-15_16:19:44.345,MSGF,3,4,66,128
729282,2025-10-15_16:19:45.289,MSGF,3,5,66,128
730226,2025-10-15_16:19:46.233,MSGF,3,6,66,128
731170,2025-10-15_16:19:47.177,MSGF,3,7,66,128
732125,2025-10-15_16:19:48.132,MSGF,3,8,66,128
733069,2025-10-15_16:19:49.076,MSGF,3,9,66,128
734013,2025-10-15_16:19:50.021,MSGF,3,10,66,129
734957,2025-10-15_16:19:51.964,MSGF,3,11,66,129
735901,2025-10-15_16:19:52.908,MSGF,3,12,66,129
736857,2025-10-15_16:19:53.864,MSGF,3,13,66,129
737801,2025-10-15_16:19:54.808,MSGF,3,14,66,129
738745,2025-10-15_16:19:55.753,MSGF,3,15,66,129
739689,2025-10-15_16:19:56.696,MSGF,3,16,66,129
740633,2025-10-15_16:19:57.640,MSGF,3,17,66,129
741589,2025-10-15_16:19:58.596,MSGF,3,18,66,129
742533,2025-10-15_16:19:59.540,MSGF,3,19,66,129
743477,2025-10-15_16:20:00.485,MSGF,3,20,66,129
744421,2025-10-15_16:20:01.428,MSGF,3,21,66,129
745365,2025-10-15_16:20:01.372,MSGF,3,22,66,129
746321,2025-10-15_16:20:02.328,MSGF,3,23,66,129
747265,2025-10-15_16:20:03.272,MSGF,3,24,66,129
748209,2025-10-15_16:20:04.217,MSGF,3,25,66,129
749153,2025-10-15_16:20:05.160,MSGF,3,26,66,129
750097,2025-10-15_16:20:06.104,MSGF,3,27,66,129
752748,2025-10-15_16:20:09.755,MSGF,3,28,66,129
753692,2025-10-15_16:20:10.699,MSGF,3,29,66,129
754636,2025-10-15_16:20:11.644,MSGF,3,30,66,129
755580,2025-10-15_16:20:12.587,MSGF,3,31,66,129
756524,2025-10-15_16:20:13.531,MSGF,3,32,66,129
757480,2025-10-15_16:20:14.487,MSGF,3,33,66,129
758424,2025-10-15_16:20:15.431,MSGF,3,34,66,129
759368,2025-10-15_16:20:15.376,MSGF,3,35,66,129
760312,2025-10-15_16:20:16.319,MSGF,3,36,66,129
761256,2025-10-15_16:20:17.263,MSGF,3,37,66,129
762212,2025-10-15_16:20:18.219,MSGF,3,38,66,129
763156,2025-10-15_16:20:19.163,MSGF,3,39,66,129
764100,2025-10-15_16:20:20.108,MSGF,3,40,66,129
765044,2025-10-15_16:20:21.051,MSGF,3,41,66,129
765988,2025-10-15_16:20:22.995,MSGF,3,42,66,129
766944,2025-10-15_16:20:23.951,MSGF,3,43,66,129
767888,2025-10-15_16:20:24.895,MSGF,3,44,66,129
768832,2025-10-15_16:20:25.840,MSGF,3,45,66,129
769776,2025-10-15_16:20:26.783,MSGF,3,46,66,129
770720,2025-10-15_16:20:27.727,MSGF,3,47,66,129
771676,2025-10-15_16:20:28.683,MSGF,3,48,66,129
772620,2025-10-15_16:20:29.627,MSGF,3,49,66,129
773564,2025-10-15_16:20:30.572,MSGF,3,50,66,129
774508,2025-10-15_16:20:31.515,MSGF,3,51,66,129
775452,2025-10-15_16:20:32.459,MSGF,3,52,66,129
776408,2025-10-15_16:20:32.415,MSGF,3,53,66,129
777352,2025-10-15_16:20:33.359,MSGF,3,54,66,129
778296,2025-10-15_16:20:34.304,MSGF,3,55,66,129
779240,2025-10-15_16:20:35.247,MSGF,3,56,66,129
780184,2025-10-15_16:20:36.191,MSGF,3,57,66,129
781140,2025-10-15_16:20:37.147,MSGF,3,58,66,129
782084,2025-10-15_16:20:38.091,MSGF,3,59,66,129
783028,2025-10-15_16:20:39.036,MSGF,3,60,66,129
783972,2025-10-15_16:20:40.979,MSGF,3,61,66,129
784916,2025-10-15_16:20:41.923,MSGF,3,62,66,129
785872,2025-10-15_16:20:42.879,MSGF,3,63,66,129
786816,2025-10-15_16:20:43.823,MSGF,3,64,66,129
787390,2025-10-15_16:20:43.393,MSGF,3,65,66,46

827526,2025-10-15_16:21:24.534,MSGF,4,0,66,128
828476,2025-10-15_16:21:25.483,MSGF,4,1,66,128
829426,2025-10-15_16:21:26.433,MSGF,4,2,66,128
830370,2025-10-15_16:21:26.377,MSGF,4,3,66,128
831314,2025-10-15_16:21:27.321,MSGF,4,4,66,128
832258,2025-10-15_16:21:28.265,MSGF,4,5,66,128
833208,2025-10-15_16:21:29.215,MSGF,4,6,66,128
834158,2025-10-15_16:21:30.165,MSGF,4,7,66,128
835102,2025-10-15_16:21:31.109,MSGF,4,8,66,128
836046,2025-10-15_16:21:32.053,MSGF,4,9,66,128
836990,2025-10-15_16:21:33.997,MSGF,4,10,66,129
837940,2025-10-15_16:21:34.947,MSGF,4,11,66,129
838890,2025-10-15_16:21:35.897,MSGF,4,12,66,129
839834,2025-10-15_16:21:36.842,MSGF,4,13,66,129
840778,2025-10-15_16:21:37.785,MSGF,4,14,66,129
841722,2025-10-15_16:21:38.729,MSGF,4,15,66,129
842672,2025-10-15_16:21:39.679,MSGF,4,16,66,129
843622,2025-10-15_16:21:40.629,MSGF,4,17,66,129
844566,2025-10-15_16:21:41.574,MSGF,4,18,66,129
845510,2025-10-15_16:21:42.517,MSGF,4,19,66,129
846454,2025-10-15_16:21:43.461,MSGF,4,20,66,129
847404,2025-10-15_16:21:43.411,MSGF,4,21,66,129
848354,2025-10-15_16:21:44.361,MSGF,4,22,66,129
849298,2025-10-15_16:21:45.306,MSGF,4,23,66,129
850242,2025-10-15_16:21:46.249,MSGF,4,24,66,129
851186,2025-10-15_16:21:47.193,MSGF,4,25,66,129
852136,2025-10-15_16:21:48.143,MSGF,4,26,66,129
853086,2025-10-15_16:21:49.093,MSGF,4,27,66,129
854030,2025-10-15_16:21:50.038,MSGF,4,28,66,129
854974,2025-10-15_16:21:51.981,MSGF,4,29,66,129
855918,2025-10-15_16:21:52.925,MSGF,4,30,66,129
856868,2025-10-15_16:21:53.875,MSGF,4,31,66,129
857818,2025-10-15_16:21:54.825,MSGF,4,32,66,129
858762,2025-10-15_16:21:55.770,MSGF,4,33,66,129
859706,2025-10-15_16:21:56.713,MSGF,4,34,66,129
860650,2025-10-15_16:21:57.657,MSGF,4,35,66,129
861600,2025-10-15_16:21:58.607,MSGF,4,36,66,129
862550,2025-10-15_16:21:59.557,MSGF,4,37,66,129
863494,2025-10-15_16:22:00.502,MSGF,4,38,66,129
864438,2025-10-15_16:22:01.445,MSGF,4,39,66,129
865382,2025-10-15_16:22:01.389,MSGF,4,40,66,129
866332,2025-10-15_16:22:02.339,MSGF,4,41,66,129
867282,2025-10-15_16:22:03.289,MSGF,4,42,66,129
868226,2025-10-15_16:22:04.234,MSGF,4,43,66,129
869170,2025-10-15_16:22:05.177,MSGF,4,44,66,129
870114,2025-10-15_16:22:06.121,MSGF,4,45,66,129
871064,2025-10-15_16:22:07.071,MSGF,4,46,66,129
872014,2025-10-15_16:22:08.021,MSGF,4,47,66,129
872958,2025-10-15_16:22:09.966,MSGF,4,48,66,129
873902,2025-10-15_16:22:10.909,MSGF,4,49,66,129
874846,2025-10-15_16:22:11.853,MSGF,4,50,66,129
876550,2025-10-15_16:22:13.557,MSGF,4,50,66,129
877506,2025-10-15_16:22:14.513,MSGF,4,51,66,129
878450,2025-10-15_16:22:15.458,MSGF,4,52,66,129
879394,2025-10-15_16:22:15.401,MSGF,4,53,66,129
880338,2025-10-15_16:22:16.345,MSGF,4,54,66,129
881283,2025-10-15_16:22:17.290,MSGF,4,55,66,129
882243,2025-10-15_16:22:18.250,MSGF,4,56,66,129
883188,2025-10-15_16:22:19.196,MSGF,4,57,66,129
884132,2025-10-15_16:22:20.139,MSGF,4,58,66,129
885077,2025-10-15_16:22:21.084,MSGF,4,59,66,129
886022,2025-10-15_16:22:22.029,MSGF,4,60,66,129
886978,2025-10-15_16:22:23.985,MSGF,4,61,66,129
887923,2025-10-15_16:22:24.931,MSGF,4,62,66,129
888867,2025-10-15_16:22:25.874,MSGF,4,63,66,129
889812,2025-10-15_16:22:26.819,MSGF,4,64,66,129
890387,2025-10-15_16:22:26.390,MSGF,4,65,66,46

914764,2025-10-15_16:22:51.772,MSGF,5,0,66,128
915709,2025-10-15_16:22:52.716,MSGF,5,1,66,128
916653,2025-10-15_16:22:53.660,MSGF,5,2,66,128
917597,2025-10-15_16:22:54.604,MSGF,5,3,66,128
918547,2025-10-15_16:22:55.554,MSGF,5,4,66,128
919497,2025-10-15_16:22:56.504,MSGF,5,5,66,128
920441,2025-10-15_16:22:57.448,MSGF,5,6,66,128
921385,2025-10-15_16:22:57.392,MSGF,5,7,66,128
922329,2025-10-15_16:22:58.336,MSGF,5,8,66,128
923282,2025-10-15_16:22:59.289,MSGF,5,9,66,128
924233,2025-10-15_16:23:00.241,MSGF,5,10,66,129
925178,2025-10-15_16:23:01.185,MSGF,5,11,66,129
926123,2025-10-15_16:23:02.130,MSGF,5,12,66,129
927068,2025-10-15_16:23:03.075,MSGF,5,13,66,129
928019,2025-10-15_16:23:04.026,MSGF,5,14,66,129
928970,2025-10-15_16:23:05.978,MSGF,5,15,66,129
929915,2025-10-15_16:23:06.922,MSGF,5,16,66,129
930860,2025-10-15_16:23:07.867,MSGF,5,17,66,129
931805,2025-10-15_16:23:08.812,MSGF,5,18,66,129
932756,2025-10-15_16:23:09.763,MSGF,5,19,66,129
933707,2025-10-15_16:23:10.715,MSGF,5,20,66,129
934652,2025-10-15_16:23:11.659,MSGF,5,21,66,129
935597,2025-10-15_16:23:12.604,MSGF,5,22,66,129
936542,2025-10-15_16:23:13.549,MSGF,5,23,66,129
937493,2025-10-15_16:23:14.500,MSGF,5,24,66,129
938444,2025-10-15_16:23:15.452,MSGF,5,25,66,129
939389,2025-10-15_16:23:15.396,MSGF,5,26,66,129
940334,2025-10-15_16:23: 16.341,MSGF,5,27,66,129
941279,2025-10-15_16:23:17.286,MSGF,5,28,66,129
942230,2025-10-15_16:23:18.237,MSGF,5,29,66,129
943181,2025-10-15_16:23:19.189,MSGF,5,30,66,129
944126,2025-10-15_16:23:20.133,MSGF,5,31,66,129
945071,2025-10-15_16:23:21.078,MSGF,5,32,66,129
946016,2025-10-15_16:23:22.023,MSGF,5,33,66,129
946967,2025-10-15_16:23:23.974,MSGF,5,34,66,129
947918,2025-10-15_16:23:24.926,MSGF,5,35,66,129
948863,2025-10-15_16:23:25.870,MSGF,5,36,66,129
949808,2025-10-15_16:23:26.815,MSGF,5,37,66,129
950753,2025-10-15_16:23:27.760,MSGF,5,38,66,129
951704,2025-10-15_16:23:28.711,MSGF,5,39,66,129
952655,2025-10-15_16:23:29.663,MSGF,5,40,66,129
953600,2025-10-15_16:23:30.607,MSGF,5,41,66,129
954545,2025-10-15_16:23:31.552,MSGF,5,42,66,129
955490,2025-10-15_16:23:32.497,MSGF,5,43,66,129
956441,2025-10-15_16:23:33.448,MSGF,5,44,66,129
957392,2025-10-15_16:23:33.400,MSGF,5,45,66,129
958337,2025-10-15_16:23:34.344,MSGF,5,46,66,129
959282,2025-10-15_16:23:35.289,MSGF,5,47,66,129
960227,2025-10-15_16:23:36.234,MSGF,5,48,66,129
961178,2025-10-15_16:23:37.185,MSGF,5,49,66,129
962129,2025-10-15_16:23:38.137,MSGF,5,50,66,129
963074,2025-10-15_16:23:39.081,MSGF,5,51,66,129
964019,2025-10-15_16:23:40.026,MSGF,5,52,66,129
964964,2025-10-15_16:23:41.971,MSGF,5,53,66,129
965915,2025-10-15_16:23:42.922,MSGF,5,54,66,129
966866,2025-10-15_16:23:43.874,MSGF,5, 55,66,129
967811,2025-10-15_16:23:44.818,MSGF,5,56,66,129
968756,2025-10-15_16:23:45.763,MSGF,5,57,66,129
969701,2025-10-15_16:23:46.708,MSGF,5,58,66,129
970652,2025-10-15_16:23:47.659,MSGF,5,59,66,129
971603,2025-10-15_16:23:48.611,MSGF,5,60,66,129
972548,2025-10-15_16:23:49.555,MSGF,5,61,66,129
973492,2025-10-15_16:23:50.499,MSGF,5,62,66,129
974436,2025-10-15_16:23:51.443,MSGF,5,63,66,129
975386,2025-10-15_16:23:51.393,MSGF,5,64,66,129
975965,2025-10-15_16:23:52.968,MSGF,5,65,66,46






999241,2025-10-15_16:24:15.251,MSGF,6,0,44,178
1000414,2025-10-15_16:24:16.424,MSGF,6,1,44,178
1001594,2025-10-15_16:24:18.604,MSGF,6,2,44,178
1002767,2025-10-15_16:24:19.777,MSGF,6,3,44,178
1003947,2025-10-15_16:24:20.957,MSGF,6,4,44,178
1005120,2025-10-15_16:24:21.130,MSGF,6,5,44,178
1006293,2025-10-15_16:24:22.303,MSGF,6,6,44,178
1007472,2025-10-15_16:24:24.482,MSGF,6,7,44,178
1008645,2025-10-15_16:24:25.655,MSGF,6,8,44,178
1009825,2025-10-15_16:24:26.835,MSGF,6,9,44,178
1010998,2025-10-15_16:24:27.008,MSGF,6,10,44,179
1012171,2025-10-15_16:24:28.181,MSGF,6,11,44,179
1013351,2025-10-15_16:24:29.361,MSGF,6,12,44,179
1014524,2025-10-15_16:24:31.534,MSGF,6,13,44,179
1015704,2025-10-15_16:24:32.714,MSGF,6,14,44,179
1016877,2025-10-15_16:24:33.887,MSGF,6,15,44,179
1018050,2025-10-15_16:24:34.060,MSGF,6,16,44,179
1019229,2025-10-15_16:24:35.239,MSGF,6,17,44,179
1020402,2025-10-15_16:24:36.412,MSGF,6,18,44,179
1021582,2025-10-15_16:24:38.592,MSGF,6,19,44,179
1022755,2025-10-15_16:24:39.765,MSGF,6,20,44,179
1023928,2025-10-15_16:24:40.938,MSGF,6,21,44,179
1025105,2025-10-15_16:24:41.115,MSGF,6,22,44,179
1028199,2025-10-15_16:24:44.209,MSGF,6,23,44,179
1029379,2025-10-15_16:24:45.389,MSGF,6,24,44,179
1030552,2025-10-15_16:24:47.562,MSGF,6,25,44,179
1031725,2025-10-15_16:24:48.735,MSGF,6,26,44,179
1032905,2025-10-15_16:24:49.915,MSGF,6,27,44,179
1034078,2025-10-15_16:24:50.088,MSGF,6,28,44,179
1035258,2025-10-15_16:24:51.268,MSGF,6,29,44,179
1036431,2025-10-15_16:24:53.441,MSGF,6,30,44,179
1037604,2025-10-15_16:24:54.614,MSGF,6,31,44,179
1038784,2025-10-15_16:24:55.794,MSGF,6,32,44,179
1039957,2025-10-15_16:24:56.967,MSGF,6,33,44,179
1041137,2025-10-15_16:24:57.147,MSGF,6,34,44,179
1042310,2025-10-15_16:24:58.320,MSGF,6,35,44,179
1043483,2025-10-15_16:25:00.493,MSGF,6,36,44,179
1044663,2025-10-15_16:25:01.673,MSGF,6,37,44,179
1045836,2025-10-15_16:25:02.846,MSGF,6,38,44,179
1047016,2025-10-15_16:25:03.026,MSGF,6,39,44,179
1048189,2025-10-15_16:25:04.199,MSGF,6,40,44,179
1049362,2025-10-15_16:25:05.372,MSGF,6,41,44,179
1050542,2025-10-15_16:25:07.552,MSGF,6,42,44,179
1051345,2025-10-15_16:25:07.351,MSGF,6,43,44,96

1067003,2025-10-15_16:25:23.013,MSGF,7,0,44,178
1068176,2025-10-15_16:25:24.186,MSGF,7,1,44,178
1069356,2025-10-15_16:25:25.366,MSGF,7,2,44,178
1070529,2025-10-15_16:25:27.539,MSGF,7,3,44,178
1071702,2025-10-15_16:25:28.712,MSGF,7,4,44,178
1072881,2025-10-15_16:25:29.891,MSGF,7,5,44,178
1074054,2025-10-15_16:25:30.064,MSGF,7,6,44,178
1075234,2025-10-15_16:25:31.244,MSGF,7,7,44,178
1076407,2025-10-15_16:25:32.417,MSGF,7,8,44,178
1077580,2025-10-15_16:25:34.590,MSGF,7,9,44,178
1078759,2025-10-15_16:25:35.769,MSGF,7,10,44,179
1079932,2025-10-15_16:25:36.942,MSGF,7,11,44,179
1081112,2025-10-15_16:25:37.122,MSGF,7,12,44,179
1082285,2025-10-15_16:25:38.295,MSGF,7,13,44,179
1083458,2025-10-15_16:25:40.468,MSGF,7,14,44,179
1084637,2025-10-15_16:25:41.647,MSGF,7,15,44,179
1085810,2025-10-15_16:25:42.820,MSGF,7,16,44,179
1086990,2025-10-15_16:25:43.000,MSGF,7,17,44,179
1088163,2025-10-15_16:25:44.173,MSGF,7,18,44,179
1089336,2025-10-15_16:25:45.346,MSGF,7,19,44,179
1090515,2025-10-15_16:25:47.525,MSGF,7,20,44,179
1091688,2025-10-15_16:25:48.698,MSGF,7,21,44,179
1092868,2025-10-15_16:25:49.878,MSGF,7,22,44,179
1094041,2025-10-15_16:25:50.051,MSGF,7,23,44,179
1095214,2025-10-15_16:25:51.224,MSGF,7,24,44,179
1096393,2025-10-15_16:25:52.403,MSGF,7,25,44,179
1097566,2025-10-15_16:25:54.576,MSGF,7,26,44,179
1098746,2025-10-15_16:25:55.756,MSGF,7,27,44,179
1099919,2025-10-15_16:25:56.929,MSGF,7,28,44,179
1101092,2025-10-15_16:25:57.102,MSGF,7,29,44,179
1102271,2025-10-15_16:25:58.281,MSGF,7,30,44,179
1103444,2025-10-15_16:26:00.454,MSGF,7,31,44,179
1104624,2025-10-15_16:26:01.634,MSGF,7,32,44,179
1105797,2025-10-15_16:26:02.807,MSGF,7,33,44,179
1106970,2025-10-15_16:26:03.980,MSGF,7,34,44,179
1108149,2025-10-15_16:26:04.159,MSGF,7,35,44,179
1109322,2025-10-15_16:26:05.332,MSGF,7,36,44,179
1110502,2025-10-15_16:26:07.512,MSGF,7,37,44,179
1111675,2025-10-15_16:26:08.685,MSGF,7,38,44,179
1112848,2025-10-15_16:26:09.858,MSGF,7,39,44,179
1114027,2025-10-15_16:26:10.037,MSGF,7,40,44,179
1115200,2025-10-15_16:26:11.210,MSGF,7,41,44,179
1116380,2025-10-15_16:26:12.390,MSGF,7,42,44,179
1117183,2025-10-15_16:26:13.189,MSGF,7,43,44,96

1131141,2025-10-15_16:26:27.151,MSGF,8,0,44,178
1132321,2025-10-15_16:26:28.331,MSGF,8,1,44,178
1133501,2025-10-15_16:26:30.511,MSGF,8,2,44,178
1134673,2025-10-15_16:26:31.683,MSGF,8,3,44,178
1135846,2025-10-15_16:26:32.856,MSGF,8,4,44,178
1137018,2025-10-15_16:26:33.028,MSGF,8,5,44,178
1138197,2025-10-15_16:26:34.207,MSGF,8,6,44,178
1139377,2025-10-15_16:26:35.387,MSGF,8,7,44,178
1140549,2025-10-15_16:26:37.559,MSGF,8,8,44,178
1142477,2025-10-15_16:26:39.487,MSGF,8,8,44,178
1143649,2025-10-15_16:26:40.659,MSGF,8,9,44,178
1144828,2025-10-15_16:26:41.838,MSGF,8,10,44,179
1146001,2025-10-15_16:26:42.011,MSGF,8,11,44,179
1147181,2025-10-15_16:26:43.191,MSGF,8,12,44,179
1148355,2025-10-15_16:26:44.365,MSGF,8,13,44,179
1149528,2025-10-15_16:26:46.538,MSGF,8,14,44,179
1150707,2025-10-15_16:26:47.717,MSGF,8,15,44,179
1151880,2025-10-15_16:26:48.890,MSGF,8,16,44,179
1153060,2025-10-15_16:26:49.070,MSGF,8,17,44,179
1154234,2025-10-15_16:26:50.244,MSGF,8,18,44,179
1155407,2025-10-15_16:26:51.417,MSGF,8,19,44,179
1156586,2025-10-15_16:26:53.596,MSGF,8,20,44,179
1157759,2025-10-15_16:26:54.769,MSGF,8,21,44,179
1158939,2025-10-15_16:26:55.949,MSGF,8,22,44,179
1160113,2025-10-15_16:26:56.123,MSGF,8,23,44,179
1161286,2025-10-15_16:26:57.296,MSGF,8,24,44,179
1162465,2025-10-15_16:26:59.475,MSGF,8,25,44,179
1163638,2025-10-15_16:27:00.648,MSGF,8,26,44,179
1164818,2025-10-15_16:27:01.828,MSGF,8,27,44,179
1165992,2025-10-15_16:27:02.002,MSGF,8,28,44,179
1167165,2025-10-15_16:27:03.175,MSGF,8,29,44,179
1168344,2025-10-15_16:27:04.354,MSGF,8,30,44,179
1169517,2025-10-15_16:27:06.527,MSGF,8,31,44,179
1170696,2025-10-15_16:27:07.706,MSGF,8,32,44,179
1171870,2025-10-15_16:27:08.880,MSGF,8,33,44,179
1173042,2025-10-15_16:27:09.052,MSGF,8,34,44,179
1174221,2025-10-15_16:27:10.231,MSGF,8,35,44,179
1175394,2025-10-15_16:27:11.404,MSGF,8,36,44,179
1176573,2025-10-15_16:27:13.583,MSGF,8,37,44,179
1177747,2025-10-15_16:27:14.757,MSGF,8,38,44,179
1178919,2025-10-15_16:27:15.929,MSGF,8,39,44,179
1180098,2025-10-15_16:27:16.108,MSGF,8,40,44,179
1181271,2025-10-15_16:27:17.281,MSGF,8,41,44,179
1182450,2025-10-15_16:27:19.460,MSGF,8,42,44,179
1183254,2025-10-15_16:27:19.260,MSGF,8,43,44,96






1211451,2025-10-15_16:27:48.464,MSGF,9,0,33,228
1212860,2025-10-15_16:27:49.873,MSGF,9,1,33,228
1214268,2025-10-15_16:27:50.281,MSGF,9,2,33,228
1215670,2025-10-15_16:27:52.683,MSGF,9,3,33,228
1217072,2025-10-15_16:27:53.085,MSGF,9,4,33,228
1218474,2025-10-15_16:27:55.487,MSGF,9,5,33,228
1219882,2025-10-15_16:27:56.895,MSGF,9,6,33,228
1221290,2025-10-15_16:27:57.303,MSGF,9,7,33,228
1222692,2025-10-15_16:27:59.705,MSGF,9,8,33,228
1224094,2025-10-15_16:28:00.107,MSGF,9,9,33,228
1225516,2025-10-15_16:28:02.529,MSGF,9,10,33,229
1226944,2025-10-15_16:28:03.957,MSGF,9,11,33,229
1228373,2025-10-15_16:28:04.386,MSGF,9,12,33,229
1229795,2025-10-15_16:28:06.808,MSGF,9,13,33,229
1231217,2025-10-15_16:28:07.230,MSGF,9,14,33,229
1232639,2025-10-15_16:28:09.652,MSGF,9,15,33,229
1234067,2025-10-15_16:28:10.080,MSGF,9,16,33,229
1235496,2025-10-15_16:28:12.509,MSGF,9,17,33,229
1237663,2025-10-15_16:28:14.676,MSGF,9,17,33,229
1239085,2025-10-15_16:28:15.098,MSGF,9,18,33,229
1240507,2025-10-15_16:28:17.520,MSGF,9,19,33,229
1241935,2025-10-15_16:28:18.948,MSGF,9,20,33,229
1243357,2025-10-15_16:28:19.370,MSGF,9,21,33,229
1244786,2025-10-15_16:28:21.799,MSGF,9,22,33,229
1246208,2025-10-15_16:28:22.221,MSGF,9,23,33,229
1247630,2025-10-15_16:28:24.643,MSGF,9,24,33,229
1249058,2025-10-15_16:28:25.071,MSGF,9,25,33,229
1250480,2025-10-15_16:28:27.493,MSGF,9,26,33,229
1251909,2025-10-15_16:28:28.922,MSGF,9,27,33,229
1253331,2025-10-15_16:28:29.344,MSGF,9,28,33,229
1254753,2025-10-15_16:28:31.766,MSGF,9,29,33,229
1256181,2025-10-15_16:28:32.194,MSGF,9,30,33,229
1257603,2025-10-15_16:28:34.616,MSGF,9,31,33,229
1258641,2025-10-15_16:28:35.649,MSGF,9,32,33,146

1303374,2025-10-15_16:29:19.387,MSGF,10,0,33,229
1304796,2025-10-15_16:29:21.809,MSGF,10,1,33,229
1306224,2025-10-15_16:29:22.237,MSGF,10,2,33,229
1307653,2025-10-15_16:29:24.666,MSGF,10,3,33,229
1309075,2025-10-15_16:29:25.088,MSGF,10,4,33,229
1310497,2025-10-15_16:29:27.510,MSGF,10,5,33,229
1311919,2025-10-15_16:29:28.932,MSGF,10,6,33,229
1313347,2025-10-15_16:29:29.360,MSGF,10,7,33,229
1314776,2025-10-15_16:29:31.789,MSGF,10,8,33,229
1316198,2025-10-15_16:29:32.211,MSGF,10,9,33,229
1317621,2025-10-15_16:29:34.634,MSGF,10,10,33,230
1319063,2025-10-15_16:29:35.076,MSGF,10,11,33,230
1320511,2025-10-15_16:29:37.524,MSGF,10,12,33,230
1321960,2025-10-15_16:29:38.973,MSGF,10,13,33,230
1323402,2025-10-15_16:29:39.415,MSGF,10,14,33,230
1324845,2025-10-15_16:29:41.858,MSGF,10,15,33,230
1326287,2025-10-15_16:29:42.300,MSGF,10,16,33,230
1327735,2025-10-15_16:29:44.748,MSGF,10,17,33,230
1329184,2025-10-15_16:29:45.197,MSGF,10,18,33,230
1330626,2025-10-15_16:29:47.639,MSGF,10,19,33,230
1332069,2025-10-15_16:29:48.082,MSGF,10,20,33,230
1333511,2025-10-15_16:29:50.524,MSGF,10,21,33,230
1334959,2025-10-15_16:29:51.972,MSGF,10,22,33,230
1336408,2025-10-15_16:29:52.421,MSGF,10,23,33,230
1337850,2025-10-15_16:29:54.863,MSGF,10,24,33,230
1339293,2025-10-15_16:29:55.306,MSGF,10,25,33,230
1340735,2025-10-15_16:29:57.748,MSGF,10,26,33,230
1342183,2025-10-15_16:29:58.196,MSGF,10,27,33,230
1343632,2025-10-15_16:30:00.645,MSGF,10,28,33,230
1345075,2025-10-15_16:30:01.088,MSGF,10,29,33,230
1346518,2025-10-15_16:30:03.531,MSGF,10,30,33,230
1347961,2025-10-15_16:30:04.974,MSGF,10,31,33,230
1349019,2025-10-15_16:30:05.027,MSGF,10,32,33,147

1369651,2025-10-15_16:30:26.664,MSGF,11,0,33,229
1371074,2025-10-15_16:30:27.087,MSGF,11,1,33,229
1372496,2025-10-15_16:30:29.509,MSGF,11,2,33,229
1373917,2025-10-15_16:30:30.930,MSGF,11,3,33,229
1375352,2025-10-15_16:30:31.365,MSGF,11,4,33,229
1376774,2025-10-15_16:30:33.787,MSGF,11,5,33,229
1378195,2025-10-15_16:30:34.208,MSGF,11,6,33,229
1379617,2025-10-15_16:30:36.630,MSGF,11,7,33,229
1381038,2025-10-15_16:30:37.051,MSGF,11,8,33,229
1383207,2025-10-15_16:30:39.220,MSGF,11,8,33,229
1384635,2025-10-15_16:30:41.648,MSGF,11,9,33,229
1386057,2025-10-15_16:30:42.070,MSGF,11,10,33,230
1387500,2025-10-15_16:30:44.513,MSGF,11,11,33,230
1388943,2025-10-15_16:30:45.956,MSGF,11,12,33,230
1390392,2025-10-15_16:30:46.405,MSGF,11,13,33,230
1391840,2025-10-15_16:30:48.853,MSGF,11,14,33,230
1393283,2025-10-15_16:30:49.296,MSGF,11,15,33,230
1394726,2025-10-15_16:30:51.739,MSGF,11,16,33,230
1396169,2025-10-15_16:30:52.182,MSGF,11,17,33,230
1397618,2025-10-15_16:30:54.631,MSGF,11,18,33,230
1399064,2025-10-15_16:30:55.077,MSGF,11,19,33,230
1400507,2025-10-15_16:30:57.520,MSGF,11,20,33,230
1401950,2025-10-15_16:30:58.963,MSGF,11,21,33,230
1403393,2025-10-15_16:30:59.406,MSGF,11,22,33,230
1404842,2025-10-15_16:31:01.855,MSGF,11,23,33,230
1406291,2025-10-15_16:31:02.304,MSGF,11,24,33,230
1407734,2025-10-15_16:31:04.747,MSGF,11,25,33,230
1409177,2025-10-15_16:31:05.190,MSGF,11,26,33,230
1410620,2025-10-15_16:31:07.633,MSGF,11,27,33,230
1412069,2025-10-15_16:31:08.082,MSGF,11,28,33,230
1413518,2025-10-15_16:31:10.531,MSGF,11,29,33,230
1414961,2025-10-15_16:31:11.974,MSGF,11,30,33,230
1416404,2025-10-15_16:31:12.417,MSGF,11,31,33,230
1417456,2025-10-15_16:31:14.464,MSGF,11,32,33,147