time_ms,local_time,packet_type,sequence_no,fragment_idx,total_fragments,packet_size_bytes

144358,2025-10-15_16:08:25.811,MSGF,0,0,131,79
145075,2025-10-15_16:08:25.528,MSGF,0,1,131,79
145791,2025-10-15_16:08:26.244,MSGF,0,2,131,79
146507,2025-10-15_16:08:27.960,MSGF,0,3,131,79
147226,2025-10-15_16:08:27.680,MSGF,0,4,131,79
147942,2025-10-15_16:08:28.395,MSGF,0,5,131,79
148658,2025-10-15_16:08:29.111,MSGF,0,6,131,79
149374,2025-10-15_16:08:30.827,MSGF,0,7,131,79
150090,2025-10-15_16:08:30.543,MSGF,0,8,131,79
150816,2025-10-15_16:08:31.270,MSGF,0,9,131,79
151532,2025-10-15_16:08:32.985,MSGF,0,10,131,80
152248,2025-10-15_16:08:32.701,MSGF,0,11,131,80
153717,2025-10-15_16:08:34.170,MSGF,0,11,131,80
155186,2025-10-15_16:08:35.639,MSGF,0,11,131,80
155907,2025-10-15_16:08:36.360,MSGF,0,12,131,80
156623,2025-10-15_16:08:37.076,MSGF,0,13,131,80
157344,2025-10-15_16:08:38.798,MSGF,0,14,131,80
158060,2025-10-15_16:08:38.513,MSGF,0,15,131,80
158776,2025-10-15_16:08:39.229,MSGF,0,16,131,80
159497,2025-10-15_16:08:40.950,MSGF,0,17,131,80
160213,2025-10-15_16:08:40.666,MSGF,0,18,131,80
160934,2025-10-15_16:08:41.388,MSGF,0,19,131,80
162403,2025-10-15_16:08:43.856,MSGF,0,19,131,80
163119,2025-10-15_16:08:43.572,MSGF,0,20,131,80
163835,2025-10-15_16:08:44.288,MSGF,0,21,131,80
164556,2025-10-15_16:08:45.009,MSGF,0,22,131,80
165272,2025-10-15_16:08:45.725,MSGF,0,23,131,80
165993,2025-10-15_16:08:46.447,MSGF,0,24,131,80
166709,2025-10-15_16:08:47.162,MSGF,0,25,131,80
167425,2025-10-15_16:08:48.878,MSGF,0,26,131,80
168146,2025-10-15_16:08:48.599,MSGF,0,27,131,80
168862,2025-10-15_16:08:49.315,MSGF,0,28,131,80
169583,2025-10-15_16:08:50.037,MSGF,0,29,131,80
170299,2025-10-15_16:08:50.752,MSGF,0,30,131,80
171015,2025-10-15_16:08:51.468,MSGF,0,31,131,80
171736,2025-10-15_16:08:52.189,MSGF,0,32,131,80
172452,2025-10-15_16:08:53.905,MSGF,0,33,131,80
173173,2025-10-15_16:08:53.627,MSGF,0,34,131,80
173889,2025-10-15_16:08:54.342,MSGF,0,35,131,80
174605,2025-10-15_16:08:55.058,MSGF,0,36,131,80
175326,2025-10-15_16:08:55.779,MSGF,0,37,131,80
176042,2025-10-15_16:08:56.495,MSGF,0,38,131,80
177511,2025-10-15_16:08:58.964,MSGF,0,38,131,80
178232,2025-10-15_16:08:58.686,MSGF,0,39,131,80
178948,2025-10-15_16:08:59.401,MSGF,0,40,131,80
179669,2025-10-15_16:09:00.122,MSGF,0,41,131,80
180385,2025-10-15_16:09:01.838,MSGF,0,42,131,80
181854,2025-10-15_16:09:02.307,MSGF,0,42,131,80
182570,2025-10-15_16:09:03.023,MSGF,0,43,131,80
183291,2025-10-15_16:09:03.745,MSGF,0,44,131,80
184012,2025-10-15_16:09:04.465,MSGF,0,45,131,80
184728,2025-10-15_16:09:05.181,MSGF,0,46,131,80
186197,2025-10-15_16:09:06.650,MSGF,0,46,131,80
186913,2025-10-15_16:09:07.366,MSGF,0,47,131,80
187629,2025-10-15_16:09:08.082,MSGF,0,48,131,80
188355,2025-10-15_16:09:09.809,MSGF,0,49,131,80
189071,2025-10-15_16:09:09.524,MSGF,0,50,131,80
189787,2025-10-15_16:09:10.240,MSGF,0,51,131,80
190503,2025-10-15_16:09:11.956,MSGF,0,52,131,80
191219,2025-10-15_16:09:11.672,MSGF,0,53,131,80
191945,2025-10-15_16:09:12.399,MSGF,0,54,131,80
192661,2025-10-15_16:09:13.114,MSGF,0,55,131,80
193377,2025-10-15_16:09:14.830,MSGF,0,56,131,80
194093,2025-10-15_16:09:14.546,MSGF,0,57,131,80
194809,2025-10-15_16:09:15.262,MSGF,0,58,131,80
195535,2025-10-15_16:09:16.989,MSGF,0,59,131,80
196251,2025-10-15_16:09:16.704,MSGF,0,60,131,80
196967,2025-10-15_16:09:17.420,MSGF,0,61,131,80
197683,2025-10-15_16:09:18.136,MSGF,0,62,131,80
198399,2025-10-15_16:09:19.852,MSGF,0,63,131,80
199125,2025-10-15_16:09:19.579,MSGF,0,64,131,80
199841,2025-10-15_16:09:20.294,MSGF,0,65,131,80
200557,2025-10-15_16:09:21.010,MSGF,0,66,131,80
201273,2025-10-15_16:09:21.726,MSGF,0,67,131,80
201989,2025-10-15_16:09:22.442,MSGF,0,68,131,80
202715,2025-10-15_16:09:23.169,MSGF,0,69,131,80
203432,2025-10-15_16:09:24.885,MSGF,0,70,131,80
204148,2025-10-15_16:09:24.601,MSGF,0,71,131,80
204864,2025-10-15_16:09:25.317,MSGF,0,72,131,80
205580,2025-10-15_16:09:26.033,MSGF,0,73,131,80
206306,2025-10-15_16:09:26.760,MSGF,0,74,131,80
207022,2025-10-15_16:09:27.475,MSGF,0,75,131,80
207738,2025-10-15_16:09:28.191,MSGF,0,76,131,80
208454,2025-10-15_16:09:29.907,MSGF,0,77,131,80
209170,2025-10-15_16:09:29.623,MSGF,0,78,131,80
209896,2025-10-15_16:09:30.350,MSGF,0,79,131,80
210612,2025-10-15_16:09:31.065,MSGF,0,80,131,80
211328,2025-10-15_16:09:31.781,MSGF,0,81,131,80
212044,2025-10-15_16:09:32.497,MSGF,0,82,131,80
212760,2025-10-15_16:09:33.213,MSGF,0,83,131,80
213486,2025-10-15_16:09:34.940,MSGF,0,84,131,80
214202,2025-10-15_16:09:34.655,MSGF,0,85,131,80
214918,2025-10-15_16:09:35.371,MSGF,0,86,131,80
215634,2025-10-15_16:09:36.087,MSGF,0,87,131,80
216350,2025-10-15_16:09:37.803,MSGF,0,88,131,80
217076,2025-10-15_16:09:37.530,MSGF,0,89,131,80
217793,2025-10-15_16:09:38.246,MSGF,0,90,131,80
218509,2025-10-15_16:09:39.962,MSGF,0,91,131,80
219225,2025-10-15_16:09:39.678,MSGF,0,92,131,80
219941,2025-10-15_16:09:40.394,MSGF,0,93,131,80
220667,2025-10-15_16:09:41.121,MSGF,0,94,131,80
221384,2025-10-15_16:09:42.837,MSGF,0,95,131,80
222100,2025-10-15_16:09:42.553,MSGF,0,96,131,80
222816,2025-10-15_16:09:43.269,MSGF,0,97,131,80
223532,2025-10-15_16:09:44.985,MSGF,0,98,131,80
224258,2025-10-15_16:09:44.712,MSGF,0,99,131,80
224975,2025-10-15_16:09:45.449,MSGF,0,100,131,81
225731,2025-10-15_16:09:46.205,MSGF,0,101,131,81
226487,2025-10-15_16:09:47.961,MSGF,0,102,131,81
227243,2025-10-15_16:09:47.717,MSGF,0,103,131,81
228009,2025-10-15_16:09:48.483,MSGF,0,104,131,81
228766,2025-10-15_16:09:49.240,MSGF,0,105,131,81
229522,2025-10-15_16:09:50.996,MSGF,0,106,131,81
230278,2025-10-15_16:09:50.752,MSGF,0,107,131,81
231034,2025-10-15_16:09:51.508,MSGF,0,108,131,81
231800,2025-10-15_16:09:52.274,MSGF,0,109,131,81
232557,2025-10-15_16:09:53.031,MSGF,0,110,131,81
233313,2025-10-15_16:09:53.787,MSGF,0,111,131,81
234069,2025-10-15_16:09:54.543,MSGF,0,112,131,81
234825,2025-10-15_16:09:55.299,MSGF,0,113,131,81
235591,2025-10-15_16:09:56.065,MSGF,0,114,131,81
236347,2025-10-15_16:09:57.821,MSGF,0,115,131,81
237103,2025-10-15_16:09:57.577,MSGF,0,116,131,81
237859,2025-10-15_16:09:58.333,MSGF,0,117,131,81
238615,2025-10-15_16:09:59.089,MSGF,0,118,131,81
239381,2025-10-15_16:10:00.855,MSGF,0,119,131,81
240138,2025-10-15_16:10:00.612,MSGF,0,120,131,81
240894,2025-10-15_16:10:01.368,MSGF,0,121,131,81
241650,2025-10-15_16:10:02.124,MSGF,0,122,131,81
242406,2025-10-15_16:10:03.880,MSGF,0,123,131,81
243173,2025-10-15_16:10:03.647,MSGF,0,124,131,81
243930,2025-10-15_16:10:04.404,MSGF,0,125,131,81
244686,2025-10-15_16:10:05.160,MSGF,0,126,131,81
245442,2025-10-15_16:10:06.916,MSGF,0,127,131,81
246198,2025-10-15_16:10:06.672,MSGF,0,128,131,81
246964,2025-10-15_16:10:07.438,MSGF,0,129,131,81
247721,2025-10-15_16:10:08.030,MSGF,0,130,131,48

414106,2025-10-15_16:12:54.560,MSGF,1,0,131,79
414823,2025-10-15_16:12:55.276,MSGF,1,1,131,79
415543,2025-10-15_16:12:56.997,MSGF,1,2,131,79
416265,2025-10-15_16:12:56.718,MSGF,1,3,131,79
416980,2025-10-15_16:12:57.433,MSGF,1,4,131,79
417695,2025-10-15_16:12:58.148,MSGF,1,5,131,79
418410,2025-10-15_16:12:59.863,MSGF,1,6,131,79
419130,2025-10-15_16:12:59.584,MSGF,1,7,131,79
419852,2025-10-15_16:13:00.305,MSGF,1,8,131,79
420567,2025-10-15_16:13:01.020,MSGF,1,9,131,79
421282,2025-10-15_16:13:01.735,MSGF,1,10,131,80
421997,2025-10-15_16:13:02.450,MSGF,1,11,131,80
422717,2025-10-15_16:13:03.171,MSGF,1,12,131,80
423440,2025-10-15_16:13:04.893,MSGF,1,13,131,80
424155,2025-10-15_16:13:04.608,MSGF,1,14,131,80
424870,2025-10-15_16:13:05.323,MSGF,1,15,131,80
425585,2025-10-15_16:13:06.038,MSGF,1,16,131,80
426305,2025-10-15_16:13:06.759,MSGF,1,17,131,80
427028,2025-10-15_16:13:07.481,MSGF,1,18,131,80
427743,2025-10-15_16:13:08.196,MSGF,1,19,131,80
428458,2025-10-15_16:13:09.911,MSGF,1,20,131,80
429173,2025-10-15_16:13:09.626,MSGF,1,21,131,80
429893,2025-10-15_16:13:10.347,MSGF,1,22,131,80
430615,2025-10-15_16:13:11.068,MSGF,1,23,131,80
431330,2025-10-15_16:13:11.783,MSGF,1,24,131,80
432045,2025-10-15_16:13:12.498,MSGF,1,25,131,80
432760,2025-10-15_16:13:13.213,MSGF,1,26,131,80
433480,2025-10-15_16:13:14.934,MSGF,1,27,131,80
434202,2025-10-15_16:13:14.655,MSGF,1,28,131,80
434917,2025-10-15_16:13:15.370,MSGF,1,29,131,80
435632,2025-10-15_16:13:16.085,MSGF,1,30,131,80
436347,2025-10-15_16:13:17.800,MSGF,1,31,131,80
437067,2025-10-15_16:13:17.521,MSGF,1,32,131,80
437790,2025-10-15_16:13:18.243,MSGF,1,33,131,80
438505,2025-10-15_16:13:19.958,MSGF,1,34,131,80
439220,2025-10-15_16:13:19.673,MSGF,1,35,131,80
439935,2025-10-15_16:13:20.388,MSGF,1,36,131,80
440655,2025-10-15_16:13:21.109,MSGF,1,37,131,80
441378,2025-10-15_16:13:22.831,MSGF,1,38,131,80
442093,2025-10-15_16:13:22.546,MSGF,1,39,131,80
442808,2025-10-15_16:13:23.261,MSGF,1,40,131,80
443523,2025-10-15_16:13:24.976,MSGF,1,41,131,80
444243,2025-10-15_16:13:24.697,MSGF,1,42,131,80
444966,2025-10-15_16:13:25.419,MSGF,1,43,131,80
445681,2025-10-15_16:13:26.134,MSGF,1,44,131,80
446396,2025-10-15_16:13:27.849,MSGF,1,45,131,80
447111,2025-10-15_16:13:27.564,MSGF,1,46,131,80
447831,2025-10-15_16:13:28.285,MSGF,1,47,131,80
448554,2025-10-15_16:13:29.007,MSGF,1,48,131,80
449269,2025-10-15_16:13:29.722,MSGF,1,49,131,80
449984,2025-10-15_16:13:30.437,MSGF,1,50,131,80
450699,2025-10-15_16:13:31.152,MSGF,1,51,131,80
451419,2025-10-15_16:13:32.873,MSGF,1,52,131,80
452142,2025-10-15_16:13:32.595,MSGF,1,53,131,80
452857,2025-10-15_16:13:33.310,MSGF,1,54,131,80
453572,2025-10-15_16:13:34.025,MSGF,1,55,131,80
454287,2025-10-15_16:13:34.740,MSGF,1,56,131,80
455007,2025-10-15_16:13:35.461,MSGF,1,57,131,80
455730,2025-10-15_16:13:36.183,MSGF,1,58,131,80
456445,2025-10-15_16:13:37.898,MSGF,1,59,131,80
457160,2025-10-15_16:13:37.613,MSGF,1,60,131,80
457875,2025-10-15_16:13:38.328,MSGF,1,61,131,80
458595,2025-10-15_16:13:39.049,MSGF,1,62,131,80
459318,2025-10-15_16:13:39.771,MSGF,1,63,131,80
460033,2025-10-15_16:13:40.486,MSGF,1,64,131,80
460748,2025-10-15_16:13:41.201,MSGF,1,65,131,80
461463,2025-10-15_16:13:42.916,MSGF,1,66,131,80
462937,2025-10-15_16:13:43.390,MSGF,1,66,131,80
463664,2025-10-15_16:13:44.118,MSGF,1,67,131,80
464380,2025-10-15_16:13:45.833,MSGF,1,68,131,80
465095,2025-10-15_16:13:45.548,MSGF,1,69,131,80
465810,2025-10-15_16:13:46.263,MSGF,1,70,131,80
466525,2025-10-15_16:13:47.978,MSGF,1,71,131,80
467253,2025-10-15_16:13:47.707,MSGF,1,72,131,80
467969,2025-10-15_16:13:48.422,MSGF,1,73,131,80
468684,2025-10-15_16:13:49.137,MSGF,1,74,131,80
469399,2025-10-15_16:13:50.852,MSGF,1,75,131,80
470114,2025-10-15_16:13:50.567,MSGF,1,76,131,80
470842,2025-10-15_16:13:51.296,MSGF,1,77,131,80
471558,2025-10-15_16:13:52.011,MSGF,1,78,131,80
472273,2025-10-15_16:13:52.726,MSGF,1,79,131,80
472988,2025-10-15_16:13:53.441,MSGF,1,80,131,80
473703,2025-10-15_16:13:54.156,MSGF,1,81,131,80
474431,2025-10-15_16:13:55.885,MSGF,1,82,131,80
475147,2025-10-15_16:13:55.600,MSGF,1,83,131,80
475862,2025-10-15_16:13:56.315,MSGF,1,84,131,80
476577,2025-10-15_16:13:57.030,MSGF,1,85,131,80
477292,2025-10-15_16:13:57.745,MSGF,1,86,131,80
478020,2025-10-15_16:13:58.474,MSGF,1,87,131,80
478736,2025-10-15_16:13:59.189,MSGF,1,88,131,80
479451,2025-10-15_16:14:00.904,MSGF,1,89,131,80
480166,2025-10-15_16:14:00.619,MSGF,1,90,131,80
480881,2025-10-15_16:14:01.334,MSGF,1,91,131,80
481609,2025-10-15_16:14:02.063,MSGF,1,92,131,80
482325,2025-10-15_16:14:02.778,MSGF,1,93,131,80
483040,2025-10-15_16:14:03.493,MSGF,1,94,131,80
483755,2025-10-15_16:14:04.208,MSGF,1,95,131,80
484470,2025-10-15_16:14:05.923,MSGF,1,96,131,80
485198,2025-10-15_16:14:05.652,MSGF,1,97,131,80
485914,2025-10-15_16:14:06.367,MSGF,1,98,131,80
487383,2025-10-15_16:14:08.836,MSGF,1,98,131,80
488852,2025-10-15_16:14:09.305,MSGF,1,98,131,80
489568,2025-10-15_16:14:10.021,MSGF,1,99,131,80
490284,2025-10-15_16:14:10.758,MSGF,1,100,131,81
491773,2025-10-15_16:14:12.247,MSGF,1,100,131,81
492530,2025-10-15_16:14:13.004,MSGF,1,101,131,81
493292,2025-10-15_16:14:13.766,MSGF,1,102,131,81
494049,2025-10-15_16:14:14.523,MSGF,1,103,131,81
494806,2025-10-15_16:14:15.280,MSGF,1,104,131,81
495569,2025-10-15_16:14:16.043,MSGF,1,105,131,81
496326,2025-10-15_16:14:17.800,MSGF,1,106,131,81
497088,2025-10-15_16:14:17.562,MSGF,1,107,131,81
497846,2025-10-15_16:14:18.320,MSGF,1,108,131,81
498603,2025-10-15_16:14:19.077,MSGF,1,109,131,81
499366,2025-10-15_16:14:20.840,MSGF,1,110,131,81
500123,2025-10-15_16:14:20.597,MSGF,1,111,131,81
501612,2025-10-15_16:14:22.086,MSGF,1,111,131,81
502374,2025-10-15_16:14:23.848,MSGF,1,112,131,81
503864,2025-10-15_16:14:24.338,MSGF,1,112,131,81
504627,2025-10-15_16:14:25.101,MSGF,1,113,131,81
505384,2025-10-15_16:14:26.858,MSGF,1,114,131,81
506141,2025-10-15_16:14:26.615,MSGF,1,115,131,81
506898,2025-10-15_16:14:27.372,MSGF,1,116,131,81
507660,2025-10-15_16:14:28.134,MSGF,1,117,131,81
508424,2025-10-15_16:14:29.898,MSGF,1,118,131,81
509913,2025-10-15_16:14:30.387,MSGF,1,118,131,81
510670,2025-10-15_16:14:31.144,MSGF,1,119,131,81
511427,2025-10-15_16:14:32.901,MSGF,1,120,131,81
512184,2025-10-15_16:14:32.658,MSGF,1,121,131,81
512946,2025-10-15_16:14:33.420,MSGF,1,122,131,81
513710,2025-10-15_16:14:34.184,MSGF,1,123,131,81
514467,2025-10-15_16:14:35.941,MSGF,1,124,131,81
515224,2025-10-15_16:14:35.698,MSGF,1,125,131,81
515981,2025-10-15_16:14:36.455,MSGF,1,126,131,81
517470,2025-10-15_16:14:38.944,MSGF,1,126,131,81
518232,2025-10-15_16:14:38.706,MSGF,1,127,131,81
518996,2025-10-15_16:14:39.470,MSGF,1,128,131,81
519753,2025-10-15_16:14:40.227,MSGF,1,129,131,81
520510,2025-10-15_16:14:41.819,MSGF,1,130,131,48

692826,2025-10-15_16:17:33.280,MSGF,2,0,131,79
693543,2025-10-15_16:17:34.996,MSGF,2,1,131,79
694264,2025-10-15_16:17:34.717,MSGF,2,2,131,79
694980,2025-10-15_16:17:35.433,MSGF,2,3,131,79
695696,2025-10-15_16:17:36.149,MSGF,2,4,131,79
696417,2025-10-15_16:17:37.871,MSGF,2,5,131,79
697133,2025-10-15_16:17:37.586,MSGF,2,6,131,79
697854,2025-10-15_16:17:38.307,MSGF,2,7,131,79
699328,2025-10-15_16:17:39.781,MSGF,2,7,131,79
700044,2025-10-15_16:17:40.497,MSGF,2,8,131,79
700760,2025-10-15_16:17:41.213,MSGF,2,9,131,79
701481,2025-10-15_16:17:42.935,MSGF,2,10,131,80
702198,2025-10-15_16:17:42.651,MSGF,2,11,131,80
702919,2025-10-15_16:17:43.372,MSGF,2,12,131,80
703635,2025-10-15_16:17:44.088,MSGF,2,13,131,80
704351,2025-10-15_16:17:45.804,MSGF,2,14,131,80
705072,2025-10-15_16:17:45.526,MSGF,2,15,131,80
705789,2025-10-15_16:17:46.242,MSGF,2,16,131,80
706510,2025-10-15_16:17:47.963,MSGF,2,17,131,80
707226,2025-10-15_16:17:47.679,MSGF,2,18,131,80
707942,2025-10-15_16:17:48.395,MSGF,2,19,131,80
708663,2025-10-15_16:17:49.117,MSGF,2,20,131,80
709380,2025-10-15_16:17:50.833,MSGF,2,21,131,80
710101,2025-10-15_16:17:50.554,MSGF,2,22,131,80
710817,2025-10-15_16:17:51.270,MSGF,2,23,131,80
711533,2025-10-15_16:17:52.986,MSGF,2,24,131,80
712254,2025-10-15_16:17:52.708,MSGF,2,25,131,80
712971,2025-10-15_16:17:53.424,MSGF,2,26,131,80
713692,2025-10-15_16:17:54.145,MSGF,2,27,131,80
714408,2025-10-15_16:17:55.861,MSGF,2,28,131,80
715124,2025-10-15_16:17:55.577,MSGF,2,29,131,80
715845,2025-10-15_16:17:56.299,MSGF,2,30,131,80
716562,2025-10-15_16:17:57.015,MSGF,2,31,131,80
717283,2025-10-15_16:17:57.736,MSGF,2,32,131,80
717999,2025-10-15_16:17:58.452,MSGF,2,33,131,80
718715,2025-10-15_16:17:59.168,MSGF,2,34,131,80
719436,2025-10-15_16:18:00.890,MSGF,2,35,131,80
720153,2025-10-15_16:18:00.606,MSGF,2,36,131,80
720874,2025-10-15_16:18:01.327,MSGF,2,37,131,80
721590,2025-10-15_16:18:02.043,MSGF,2,38,131,80
722306,2025-10-15_16:18:02.759,MSGF,2,39,131,80
723027,2025-10-15_16:18:03.481,MSGF,2,40,131,80
723744,2025-10-15_16:18:04.197,MSGF,2,41,131,80
724465,2025-10-15_16:18:05.918,MSGF,2,42,131,80
725181,2025-10-15_16:18:05.634,MSGF,2,43,131,80
725897,2025-10-15_16:18:06.350,MSGF,2,44,131,80
726618,2025-10-15_16:18:07.072,MSGF,2,45,131,80
727335,2025-10-15_16:18:07.788,MSGF,2,46,131,80
728056,2025-10-15_16:18:08.509,MSGF,2,47,131,80
728772,2025-10-15_16:18:09.225,MSGF,2,48,131,80
729488,2025-10-15_16:18:10.941,MSGF,2,49,131,80
730209,2025-10-15_16:18:10.663,MSGF,2,50,131,80
730926,2025-10-15_16:18:11.379,MSGF,2,51,131,80
731647,2025-10-15_16:18:12.100,MSGF,2,52,131,80
732363,2025-10-15_16:18:13.816,MSGF,2,53,131,80
733079,2025-10-15_16:18:13.532,MSGF,2,54,131,80
733800,2025-10-15_16:18:14.254,MSGF,2,55,131,80
734517,2025-10-15_16:18:15.970,MSGF,2,56,131,80
735238,2025-10-15_16:18:15.691,MSGF,2,57,131,80
735954,2025-10-15_16:18:16.407,MSGF,2,58,131,80
736670,2025-10-15_16:18:17.123,MSGF,2,59,131,80
737391,2025-10-15_16:18:18.845,MSGF,2,60,131,80
738108,2025-10-15_16:18:18.561,MSGF,2,61,131,80
738829,2025-10-15_16:18:19.282,MSGF,2,62,131,80
739545,2025-10-15_16:18:20.998,MSGF,2,63,131,80
740261,2025-10-15_16:18:20.714,MSGF,2,64,131,80
740982,2025-10-15_16:18:21.436,MSGF,2,65,131,80
741699,2025-10-15_16:18:22.152,MSGF,2,66,131,80
742420,2025-10-15_16:18:23.873,MSGF,2,67,131,80
743136,2025-10-15_16:18:23.589,MSGF,2,68,131,80
743852,2025-10-15_16:18:24.305,MSGF,2,69,131,80
744573,2025-10-15_16:18:25.027,MSGF,2,70,131,80
745290,2025-10-15_16:18:25.743,MSGF,2,71,131,80
746011,2025-10-15_16:18:26.464,MSGF,2,72,131,80
746727,2025-10-15_16:18:27.180,MSGF,2,73,131,80
747443,2025-10-15_16:18:28.896,MSGF,2,74,131,80
748164,2025-10-15_16:18:28.618,MSGF,2,75,131,80
748881,2025-10-15_16:18:29.334,MSGF,2,76,131,80
749602,2025-10-15_16:18:30.055,MSGF,2,77,131,80
750318,2025-10-15_16:18:30.771,MSGF,2,78,131,80
751034,2025-10-15_16:18:31.487,MSGF,2,79,131,80
751755,2025-10-15_16:18:32.209,MSGF,2,80,131,80
753225,2025-10-15_16:18:33.678,MSGF,2,80,131,80
753946,2025-10-15_16:18:34.399,MSGF,2,81,131,80
754662,2025-10-15_16:18:35.115,MSGF,2,82,131,80
755378,2025-10-15_16:18:36.831,MSGF,2,83,131,80
756094,2025-10-15_16:18:36.547,MSGF,2,84,131,80
757563,2025-10-15_16:18:38.016,MSGF,2,84,131,80
758289,2025-10-15_16:18:38.743,MSGF,2,85,131,80
759006,2025-10-15_16:18:39.459,MSGF,2,86,131,80
759722,2025-10-15_16:18:40.175,MSGF,2,87,131,80
760438,2025-10-15_16:18:41.891,MSGF,2,88,131,80
761907,2025-10-15_16:18:42.360,MSGF,2,88,131,80
762628,2025-10-15_16:18:43.081,MSGF,2,89,131,80
763349,2025-10-15_16:18:44.802,MSGF,2,90,131,80
764065,2025-10-15_16:18:44.518,MSGF,2,91,131,80
764781,2025-10-15_16:18:45.234,MSGF,2,92,131,80
765497,2025-10-15_16:18:46.950,MSGF,2,93,131,80
766218,2025-10-15_16:18:46.671,MSGF,2,94,131,80
766939,2025-10-15_16:18:47.393,MSGF,2,95,131,80
767656,2025-10-15_16:18:48.109,MSGF,2,96,131,80
768372,2025-10-15_16:18:49.825,MSGF,2,97,131,80
769088,2025-10-15_16:18:49.541,MSGF,2,98,131,80
769809,2025-10-15_16:18:50.262,MSGF,2,99,131,80
770530,2025-10-15_16:18:51.004,MSGF,2,100,131,81
771287,2025-10-15_16:18:51.761,MSGF,2,101,131,81
772043,2025-10-15_16:18:52.517,MSGF,2,102,131,81
772799,2025-10-15_16:18:53.273,MSGF,2,103,131,81
773561,2025-10-15_16:18:54.035,MSGF,2,104,131,81
774324,2025-10-15_16:18:55.798,MSGF,2,105,131,81
775080,2025-10-15_16:18:55.554,MSGF,2,106,131,81
775836,2025-10-15_16:18:56.310,MSGF,2,107,131,81
776592,2025-10-15_16:18:57.066,MSGF,2,108,131,81
777354,2025-10-15_16:18:58.828,MSGF,2,109,131,81
778116,2025-10-15_16:18:58.590,MSGF,2,110,131,81
778873,2025-10-15_16:18:59.347,MSGF,2,111,131,81
779629,2025-10-15_16:19:00.103,MSGF,2,112,131,81
780385,2025-10-15_16:19:01.859,MSGF,2,113,131,81
781146,2025-10-15_16:19:01.620,MSGF,2,114,131,81
781908,2025-10-15_16:19:02.382,MSGF,2,115,131,81
782665,2025-10-15_16:19:03.139,MSGF,2,116,131,81
783421,2025-10-15_16:19:04.895,MSGF,2,117,131,81
784177,2025-10-15_16:19:04.651,MSGF,2,118,131,81
784939,2025-10-15_16:19:05.413,MSGF,2,119,131,81
785701,2025-10-15_16:19:06.175,MSGF,2,120,131,81
786458,2025-10-15_16:19:07.932,MSGF,2,121,131,81
787214,2025-10-15_16:19:07.688,MSGF,2,122,131,81
787970,2025-10-15_16:19:08.444,MSGF,2,123,131,81
788731,2025-10-15_16:19:09.205,MSGF,2,124,131,81
789493,2025-10-15_16:19:10.967,MSGF,2,125,131,81
790250,2025-10-15_16:19:10.724,MSGF,2,126,131,81
791006,2025-10-15_16:19:11.480,MSGF,2,127,131,81
791762,2025-10-15_16:19:12.236,MSGF,2,128,131,81
792524,2025-10-15_16:19:13.998,MSGF,2,129,131,81
793286,2025-10-15_16:19:13.596,MSGF,2,130,131,48





820274,2025-10-15_16:19:41.954,MSGF,3,0,66,128
821219,2025-10-15_16:19:42.898,MSGF,3,1,66,128
822163,2025-10-15_16:19:43.842,MSGF,3,2,66,128
823118,2025-10-15_16:19:44.798,MSGF,3,3,66,128
824063,2025-10-15_16:19:44.742,MSGF,3,4,66,128
825007,2025-10-15_16:19:45.686,MSGF,3,5,66,128
825951,2025-10-15_16:19:46.630,MSGF,3,6,66,128
826895,2025-10-15_16:19:47.574,MSGF,3,7,66,128
827849,2025-10-15_16:19:48.529,MSGF,3,8,66,128
828794,2025-10-15_16:19:49.473,MSGF,3,9,66,128
829738,2025-10-15_16:19:50.417,MSGF,3,10,66,129
830682,2025-10-15_16:19:51.361,MSGF,3,11,66,129
831626,2025-10-15_16:19:52.305,MSGF,3,12,66,129
832581,2025-10-15_16:19:53.261,MSGF,3,13,66,129
833526,2025-10-15_16:19:54.205,MSGF,3,14,66,129
834470,2025-10-15_16:19:55.149,MSGF,3,15,66,129
835414,2025-10-15_16:19:56.093,MSGF,3,16,66,129
836358,2025-10-15_16:19:57.037,MSGF,3,17,66,129
837313,2025-10-15_16:19:58.993,MSGF,3,18,66,129
838258,2025-10-15_16:19:59.937,MSGF,3,19,66,129
839202,2025-10-15_16:20:00.881,MSGF,3,20,66,129
840146,2025-10-15_16:20:01.825,MSGF,3,21,66,129
841090,2025-10-15_16:20:01.769,MSGF,3,22,66,129
842045,2025-10-15_16:20:02.725,MSGF,3,23,66,129
842990,2025-10-15_16:20:03.669,MSGF,3,24,66,129
843934,2025-10-15_16:20:04.613,MSGF,3,25,66,129
844878,2025-10-15_16:20:05.557,MSGF,3,26,66,129
845822,2025-10-15_16:20:06.501,MSGF,3,27,66,129
846777,2025-10-15_16:20:07.457,MSGF,3,28,66,129
848473,2025-10-15_16:20:09.152,MSGF,3,28,66,129
849417,2025-10-15_16:20:10.096,MSGF,3,29,66,129
850361,2025-10-15_16:20:11.040,MSGF,3,30,66,129
851305,2025-10-15_16:20:12.984,MSGF,3,31,66,129
852249,2025-10-15_16:20:13.928,MSGF,3,32,66,129
853204,2025-10-15_16:20:14.884,MSGF,3,33,66,129
854149,2025-10-15_16:20:15.828,MSGF,3,34,66,129
855093,2025-10-15_16:20:15.772,MSGF,3,35,66,129
856037,2025-10-15_16:20:16.716,MSGF,3,36,66,129
856981,2025-10-15_16:20:17.660,MSGF,3,37,66,129
857936,2025-10-15_16:20:18.616,MSGF,3,38,66,129
858881,2025-10-15_16:20:19.560,MSGF,3,39,66,129
859825,2025-10-15_16:20:20.504,MSGF,3,40,66,129
860769,2025-10-15_16:20:21.448,MSGF,3,41,66,129
861713,2025-10-15_16:20:22.392,MSGF,3,42,66,129
862668,2025-10-15_16:20:23.348,MSGF,3,43,66,129
863613,2025-10-15_16:20:24.292,MSGF,3,44,66,129
864557,2025-10-15_16:20:25.236,MSGF,3,45,66,129
865501,2025-10-15_16:20:26.180,MSGF,3,46,66,129
866445,2025-10-15_16:20:27.124,MSGF,3,47,66,129
867401,2025-10-15_16:20:28.080,MSGF,3,48,66,129
868345,2025-10-15_16:20:29.024,MSGF,3,49,66,129
869289,2025-10-15_16:20:30.968,MSGF,3,50,66,129
870233,2025-10-15_16:20:31.912,MSGF,3,51,66,129
871177,2025-10-15_16:20:32.856,MSGF,3,52,66,129
872132,2025-10-15_16:20:33.812,MSGF,3,53,66,129
873077,2025-10-15_16:20:33.756,MSGF,3,54,66,129
874021,2025-10-15_16:20:34.700,MSGF,3,55,66,129
874965,2025-10-15_16:20:35.644,MSGF,3,56,66,129
875909,2025-10-15_16:20:36.588,MSGF,3,57,66,129
876864,2025-10-15_16:20:37.544,MSGF,3,58,66,129
877809,2025-10-15_16:20:38.488,MSGF,3,59,66,129
878753,2025-10-15_16:20:39.432,MSGF,3,60,66,129
879697,2025-10-15_16:20:40.376,MSGF,3,61,66,129
880641,2025-10-15_16:20:41.320,MSGF,3,62,66,129
881596,2025-10-15_16:20:42.276,MSGF,3,63,66,129
882541,2025-10-15_16:20:43.220,MSGF,3,64,66,129
883485,2025-10-15_16:20:43.794,MSGF,3,65,66,46

923250,2025-10-15_16:21:24.930,MSGF,4,0,66,128
924201,2025-10-15_16:21:25.880,MSGF,4,1,66,128
925151,2025-10-15_16:21:26.830,MSGF,4,2,66,128
926095,2025-10-15_16:21:26.774,MSGF,4,3,66,128
927039,2025-10-15_16:21:27.718,MSGF,4,4,66,128
927983,2025-10-15_16:21:28.662,MSGF,4,5,66,128
928932,2025-10-15_16:21:29.612,MSGF,4,6,66,128
929883,2025-10-15_16:21:30.562,MSGF,4,7,66,128
930827,2025-10-15_16:21:31.506,MSGF,4,8,66,128
931771,2025-10-15_16:21:32.450,MSGF,4,9,66,128
932715,2025-10-15_16:21:33.394,MSGF,4,10,66,129
933664,2025-10-15_16:21:34.343,MSGF,4,11,66,129
934615,2025-10-15_16:21:35.294,MSGF,4,12,66,129
935559,2025-10-15_16:21:36.238,MSGF,4,13,66,129
936503,2025-10-15_16:21:37.182,MSGF,4,14,66,129
937447,2025-10-15_16:21:38.126,MSGF,4,15,66,129
938396,2025-10-15_16:21:39.076,MSGF,4,16,66,129
939347,2025-10-15_16:21:40.026,MSGF,4,17,66,129
940291,2025-10-15_16:21:41.970,MSGF,4,18,66,129
941235,2025-10-15_16:21:42.914,MSGF,4,19,66,129
942179,2025-10-15_16:21:43.858,MSGF,4,20,66,129
943129,2025-10-15_16:21:44.808,MSGF,4,21,66,129
944079,2025-10-15_16:21:44.758,MSGF,4,22,66,129
945023,2025-10-15_16:21:45.702,MSGF,4,23,66,129
945967,2025-10-15_16:21:46.646,MSGF,4,24,66,129
946911,2025-10-15_16:21:47.590,MSGF,4,25,66,129
947860,2025-10-15_16:21:48.540,MSGF,4,26,66,129
948811,2025-10-15_16:21:49.490,MSGF,4,27,66,129
949755,2025-10-15_16:21:50.434,MSGF,4,28,66,129
950699,2025-10-15_16:21:51.378,MSGF,4,29,66,129
951643,2025-10-15_16:21:52.322,MSGF,4,30,66,129
952592,2025-10-15_16:21:53.272,MSGF,4,31,66,129
953543,2025-10-15_16:21:54.222,MSGF,4,32,66,129
954487,2025-10-15_16:21:55.166,MSGF,4,33,66,129
955431,2025-10-15_16:21:56.110,MSGF,4,34,66,129
956375,2025-10-15_16:21:57.054,MSGF,4,35,66,129
957324,2025-10-15_16:21:58.004,MSGF,4,36,66,129
958275,2025-10-15_16:21:59.954,MSGF,4,37,66,129
959219,2025-10-15_16:22:00.898,MSGF,4,38,66,129
960163,2025-10-15_16:22:01.842,MSGF,4,39,66,129
961107,2025-10-15_16:22:01.786,MSGF,4,40,66,129
962056,2025-10-15_16:22:02.736,MSGF,4,41,66,129
963007,2025-10-15_16:22:03.686,MSGF,4,42,66,129
963951,2025-10-15_16:22:04.630,MSGF,4,43,66,129
964895,2025-10-15_16:22:05.574,MSGF,4,44,66,129
965839,2025-10-15_16:22:06.518,MSGF,4,45,66,129
966788,2025-10-15_16:22:07.468,MSGF,4,46,66,129
967739,2025-10-15_16:22:08.418,MSGF,4,47,66,129
968683,2025-10-15_16:22:09.362,MSGF,4,48,66,129
969627,2025-10-15_16:22:10.306,MSGF,4,49,66,129
970571,2025-10-15_16:22:11.250,MSGF,4,50,66,129
972274,2025-10-15_16:22:13.953,MSGF,4,50,66,129
973230,2025-10-15_16:22:14.910,MSGF,4,51,66,129
974175,2025-10-15_16:22:15.854,MSGF,4,52,66,129
975119,2025-10-15_16:22:16.798,MSGF,4,53,66,129
976063,2025-10-15_16:22:16.742,MSGF,4,54,66,129
977007,2025-10-15_16:22:17.686,MSGF,4,55,66,129
977967,2025-10-15_16:22:18.646,MSGF,4,56,66,129
978912,2025-10-15_16:22:19.591,MSGF,4,57,66,129
979857,2025-10-15_16:22:20.536,MSGF,4,58,66,129
980801,2025-10-15_16:22:21.480,MSGF,4,59,66,129
981746,2025-10-15_16:22:22.425,MSGF,4,60,66,129
982703,2025-10-15_16:22:23.382,MSGF,4,61,66,129
983647,2025-10-15_16:22:24.326,MSGF,4,62,66,129
984592,2025-10-15_16:22:25.271,MSGF,4,63,66,129
985536,2025-10-15_16:22:26.215,MSGF,4,64,66,129
986481,2025-10-15_16:22:26.790,MSGF,4,65,66,46

1010488,2025-10-15_16:22:51.168,MSGF,5,0,66,128
1011433,2025-10-15_16:22:52.112,MSGF,5,1,66,128
1012378,2025-10-15_16:22:53.057,MSGF,5,2,66,128
1013322,2025-10-15_16:22:54.001,MSGF,5,3,66,128
1014271,2025-10-15_16:22:55.951,MSGF,5,4,66,128
1015222,2025-10-15_16:22:56.901,MSGF,5,5,66,128
1016166,2025-10-15_16:22:57.845,MSGF,5,6,66,128
1017110,2025-10-15_16:22:57.789,MSGF,5,7,66,128
1018054,2025-10-15_16:22:58.733,MSGF,5,8,66,128
1019006,2025-10-15_16:22:59.686,MSGF,5,9,66,128
1019957,2025-10-15_16:23:00.636,MSGF,5,10,66,129
1020902,2025-10-15_16:23:01.581,MSGF,5,11,66,129
1021847,2025-10-15_16:23:02.526,MSGF,5,12,66,129
1022792,2025-10-15_16:23:03.471,MSGF,5,13,66,129
1023743,2025-10-15_16:23:04.423,MSGF,5,14,66,129
1024694,2025-10-15_16:23:05.373,MSGF,5,15,66,129
1025639,2025-10-15_16:23:06.318,MSGF,5,16,66,129
1026584,2025-10-15_16:23:07.263,MSGF,5,17,66,129
1027529,2025-10-15_16:23:08.208,MSGF,5,18,66,129
1028480,2025-10-15_16:23:09.160,MSGF,5,19,66,129
1029431,2025-10-15_16:23:10.110,MSGF,5,20,66,129
1030376,2025-10-15_16:23:11.055,MSGF,5,21,66,129
1031321,2025-10-15_16:23:12.000,MSGF,5,22,66,129
1032266,2025-10-15_16:23:13.945,MSGF,5,23,66,129
1033217,2025-10-15_16:23:14.897,MSGF,5,24,66,129
1034168,2025-10-15_16:23:15.847,MSGF,5,25,66,129
1035113,2025-10-15_16:23:15.792,MSGF,5,26,66,129
1036058,2025-10-15_16:23:16.737,MSGF,5,27,66,129
1037003,2025-10-15_16:23:17.682,MSGF,5,28,66,129
1037954,2025-10-15_16:23:18.634,MSGF,5,29,66,129
1038905,2025-10-15_16:23:19.584,MSGF,5,30,66,129
1039850,2025-10-15_16:23:20.529,MSGF,5,31,66,129
1040795,2025-10-15_16:23:21.474,MSGF,5,32,66,129
1041740,2025-10-15_16:23:22.419,MSGF,5,33,66,129
1042691,2025-10-15_16:23:23.371,MSGF,5,34,66,129
1043642,2025-10-15_16:23:24.321,MSGF,5,35,66,129
1044587,2025-10-15_16:23:25.266,MSGF,5,36,66,129
1045532,2025-10-15_16:23:26.211,MSGF,5,37,66,129
1046477,2025-10-15_16:23:27.156,MSGF,5,38,66,129
1047428,2025-10-15_16:23:28.108,MSGF,5,39,66,129
1048379,2025-10-15_16:23:29.058,MSGF,5,40,66,129
1049324,2025-10-15_16:23:30.003,MSGF,5,41,66,129
1050269,2025-10-15_16:23:31.948,MSGF,5,42,66,129
1051214,2025-10-15_16:23:32.893,MSGF,5,43,66,129
1052165,2025-10-15_16:23:33.845,MSGF,5,44,66,129
1053116,2025-10-15_16:23:34.795,MSGF,5,45,66,129
1054061,2025-10-15_16:23:34.740,MSGF,5,46,66,129
1055006,2025-10-15_16:23:35.685,MSGF,5,47,66,129
1055951,2025-10-15_16:23:36.630,MSGF,5,48,66,129
1056902,2025-10-15_16:23:37.582,MSGF,5,49,66,129
1057853,2025-10-15_16:23:38.532,MSGF,5,50,66,129
1058798,2025-10-15_16:23:39.477,MSGF,5,51,66,129
1059743,2025-10-15_16:23:40.422,MSGF,5,52,66,129
1060688,2025-10-15_16:23:41.367,MSGF,5,53,66,129
1061639,2025-10-15_16:23:42.319,MSGF,5,54,66,129
1062590,2025-10-15_16:23:43.269,MSGF,5,55,66,129
1063535,2025-10-15_16:23:44.214,MSGF,5,56,66,129
1064480,2025-10-15_16:23:45.159,MSGF,5,57,66,129
1065425,2025-10-15_16:23:46.104,MSGF,5,58,66,129
1066376,2025-10-15_16:23:47.056,MSGF,5,59,66,129
1067327,2025-10-15_16:23:48.006,MSGF,5,60,66,129
1068272,2025-10-15_16:23:49.951,MSGF,5,61,66,129
1069216,2025-10-15_16:23:50.895,MSGF,5,62,66,129
1070160,2025-10-15_16:23:51.839,MSGF,5,63,66,129
1071110,2025-10-15_16:23:51.790,MSGF,5,64,66,129
1072059,2025-10-15_16:23:52.368,MSGF,5,65,66,46




1094738,2025-10-15_16:24:15.644,MSGF,6,0,44,178
1095912,2025-10-15_16:24:17.817,MSGF,6,1,44,178
1097091,2025-10-15_16:24:18.997,MSGF,6,2,44,178
1098265,2025-10-15_16:24:19.170,MSGF,6,3,44,178
1099445,2025-10-15_16:24:20.350,MSGF,6,4,44,178
1100618,2025-10-15_16:24:21.523,MSGF,6,5,44,178
1101791,2025-10-15_16:24:22.696,MSGF,6,6,44,178
1102970,2025-10-15_16:24:24.876,MSGF,6,7,44,178
1104143,2025-10-15_16:24:25.048,MSGF,6,8,44,178
1105323,2025-10-15_16:24:26.228,MSGF,6,9,44,178
1106496,2025-10-15_16:24:27.401,MSGF,6,10,44,179
1107669,2025-10-15_16:24:28.574,MSGF,6,11,44,179
1108848,2025-10-15_16:24:29.754,MSGF,6,12,44,179
1110022,2025-10-15_16:24:31.927,MSGF,6,13,44,179
1111202,2025-10-15_16:24:32.107,MSGF,6,14,44,179
1112375,2025-10-15_16:24:33.280,MSGF,6,15,44,179
1113548,2025-10-15_16:24:34.453,MSGF,6,16,44,179
1114726,2025-10-15_16:24:35.632,MSGF,6,17,44,179
1115900,2025-10-15_16:24:37.805,MSGF,6,18,44,179
1117080,2025-10-15_16:24:38.985,MSGF,6,19,44,179
1118253,2025-10-15_16:24:39.158,MSGF,6,20,44,179
1119426,2025-10-15_16:24:40.331,MSGF,6,21,44,179
1120603,2025-10-15_16:24:41.508,MSGF,6,22,44,179
1121776,2025-10-15_16:24:42.681,MSGF,6,23,44,179
1123697,2025-10-15_16:24:44.602,MSGF,6,23,44,179
1124877,2025-10-15_16:24:45.782,MSGF,6,24,44,179
1126050,2025-10-15_16:24:47.955,MSGF,6,25,44,179
1127223,2025-10-15_16:24:48.128,MSGF,6,26,44,179
1128402,2025-10-15_16:24:49.308,MSGF,6,27,44,179
1129576,2025-10-15_16:24:50.481,MSGF,6,28,44,179
1130756,2025-10-15_16:24:51.661,MSGF,6,29,44,179
1131929,2025-10-15_16:24:53.834,MSGF,6,30,44,179
1133102,2025-10-15_16:24:54.007,MSGF,6,31,44,179
1134281,2025-10-15_16:24:55.187,MSGF,6,32,44,179
1135455,2025-10-15_16:24:56.360,MSGF,6,33,44,179
1136635,2025-10-15_16:24:57.540,MSGF,6,34,44,179
1137808,2025-10-15_16:24:58.713,MSGF,6,35,44,179
1138981,2025-10-15_16:25:00.886,MSGF,6,36,44,179
1140160,2025-10-15_16:25:01.066,MSGF,6,37,44,179
1141334,2025-10-15_16:25:02.239,MSGF,6,38,44,179
1142514,2025-10-15_16:25:03.419,MSGF,6,39,44,179
1143687,2025-10-15_16:25:04.592,MSGF,6,40,44,179
1144860,2025-10-15_16:25:05.765,MSGF,6,41,44,179
1146039,2025-10-15_16:25:07.945,MSGF,6,42,44,179
1147213,2025-10-15_16:25:07.748,MSGF,6,43,44,96

1162500,2025-10-15_16:25:23.406,MSGF,7,0,44,178
1163674,2025-10-15_16:25:24.579,MSGF,7,1,44,178
1164853,2025-10-15_16:25:25.759,MSGF,7,2,44,178
1166027,2025-10-15_16:25:27.932,MSGF,7,3,44,178
1167200,2025-10-15_16:25:28.105,MSGF,7,4,44,178
1168379,2025-10-15_16:25:29.284,MSGF,7,5,44,178
1169552,2025-10-15_16:25:30.457,MSGF,7,6,44,178
1170731,2025-10-15_16:25:31.637,MSGF,7,7,44,178
1171905,2025-10-15_16:25:33.810,MSGF,7,8,44,178
1173078,2025-10-15_16:25:34.983,MSGF,7,9,44,178
1174257,2025-10-15_16:25:35.162,MSGF,7,10,44,179
1175430,2025-10-15_16:25:36.335,MSGF,7,11,44,179
1176609,2025-10-15_16:25:37.515,MSGF,7,12,44,179
1177783,2025-10-15_16:25:38.688,MSGF,7,13,44,179
1178956,2025-10-15_16:25:40.861,MSGF,7,14,44,179
1180135,2025-10-15_16:25:41.040,MSGF,7,15,44,179
1181308,2025-10-15_16:25:42.213,MSGF,7,16,44,179
1182487,2025-10-15_16:25:43.393,MSGF,7,17,44,179
1183661,2025-10-15_16:25:44.566,MSGF,7,18,44,179
1184834,2025-10-15_16:25:45.739,MSGF,7,19,44,179
1186013,2025-10-15_16:25:47.918,MSGF,7,20,44,179
1187186,2025-10-15_16:25:48.091,MSGF,7,21,44,179
1188365,2025-10-15_16:25:49.271,MSGF,7,22,44,179
1189539,2025-10-15_16:25:50.444,MSGF,7,23,44,179
1190712,2025-10-15_16:25:51.617,MSGF,7,24,44,179
1191891,2025-10-15_16:25:53.796,MSGF,7,25,44,179
1193064,2025-10-15_16:25:54.969,MSGF,7,26,44,179
1194243,2025-10-15_16:25:55.149,MSGF,7,27,44,179
1195417,2025-10-15_16:25:56.322,MSGF,7,28,44,179
1196590,2025-10-15_16:25:57.495,MSGF,7,29,44,179
1197769,2025-10-15_16:25:58.674,MSGF,7,30,44,179
1198942,2025-10-15_16:26:00.847,MSGF,7,31,44,179
1200121,2025-10-15_16:26:01.027,MSGF,7,32,44,179
1201295,2025-10-15_16:26:02.200,MSGF,7,33,44,179
1202468,2025-10-15_16:26:03.373,MSGF,7,34,44,179
1203647,2025-10-15_16:26:04.552,MSGF,7,35,44,179
1204820,2025-10-15_16:26:05.725,MSGF,7,36,44,179
1205999,2025-10-15_16:26:07.905,MSGF,7,37,44,179
1207173,2025-10-15_16:26:08.078,MSGF,7,38,44,179
1208346,2025-10-15_16:26:09.251,MSGF,7,39,44,179
1209525,2025-10-15_16:26:10.430,MSGF,7,40,44,179
1210698,2025-10-15_16:26:11.603,MSGF,7,41,44,179
1211877,2025-10-15_16:26:12.783,MSGF,7,42,44,179
1213051,2025-10-15_16:26:13.586,MSGF,7,43,44,96

1226638,2025-10-15_16:26:27.544,MSGF,8,0,44,178
1227819,2025-10-15_16:26:28.724,MSGF,8,1,44,178
1228998,2025-10-15_16:26:30.904,MSGF,8,2,44,178
1230171,2025-10-15_16:26:31.076,MSGF,8,3,44,178
1231344,2025-10-15_16:26:32.249,MSGF,8,4,44,178
1232516,2025-10-15_16:26:33.421,MSGF,8,5,44,178
1233695,2025-10-15_16:26:34.600,MSGF,8,6,44,178
1234874,2025-10-15_16:26:35.780,MSGF,8,7,44,178
1236047,2025-10-15_16:26:37.952,MSGF,8,8,44,178
1237974,2025-10-15_16:26:39.880,MSGF,8,8,44,178
1239147,2025-10-15_16:26:40.052,MSGF,8,9,44,178
1240326,2025-10-15_16:26:41.231,MSGF,8,10,44,179
1241499,2025-10-15_16:26:42.404,MSGF,8,11,44,179
1242678,2025-10-15_16:26:43.584,MSGF,8,12,44,179
1243852,2025-10-15_16:26:44.757,MSGF,8,13,44,179
1245026,2025-10-15_16:26:46.931,MSGF,8,14,44,179
1246205,2025-10-15_16:26:47.110,MSGF,8,15,44,179
1247378,2025-10-15_16:26:48.283,MSGF,8,16,44,179
1248557,2025-10-15_16:26:49.463,MSGF,8,17,44,179
1249731,2025-10-15_16:26:50.636,MSGF,8,18,44,179
1250905,2025-10-15_16:26:52.810,MSGF,8,19,44,179
1252084,2025-10-15_16:26:53.989,MSGF,8,20,44,179
1253257,2025-10-15_16:26:54.162,MSGF,8,21,44,179
1254436,2025-10-15_16:26:55.342,MSGF,8,22,44,179
1255610,2025-10-15_16:26:56.515,MSGF,8,23,44,179
1256784,2025-10-15_16:26:57.689,MSGF,8,24,44,179
1257963,2025-10-15_16:26:59.868,MSGF,8,25,44,179
1259136,2025-10-15_16:27:00.041,MSGF,8,26,44,179
1260315,2025-10-15_16:27:01.221,MSGF,8,27,44,179
1261489,2025-10-15_16:27:02.394,MSGF,8,28,44,179
1262663,2025-10-15_16:27:03.568,MSGF,8,29,44,179
1263842,2025-10-15_16:27:04.747,MSGF,8,30,44,179
1265015,2025-10-15_16:27:06.920,MSGF,8,31,44,179
1266193,2025-10-15_16:27:07.099,MSGF,8,32,44,179
1267367,2025-10-15_16:27:08.272,MSGF,8,33,44,179
1268540,2025-10-15_16:27:09.445,MSGF,8,34,44,179
1269719,2025-10-15_16:27:10.624,MSGF,8,35,44,179
1270892,2025-10-15_16:27:12.797,MSGF,8,36,44,179
1272070,2025-10-15_16:27:13.976,MSGF,8,37,44,179
1273244,2025-10-15_16:27:14.149,MSGF,8,38,44,179
1274417,2025-10-15_16:27:15.322,MSGF,8,39,44,179
1275596,2025-10-15_16:27:16.501,MSGF,8,40,44,179
1276769,2025-10-15_16:27:17.674,MSGF,8,41,44,179
1277947,2025-10-15_16:27:19.853,MSGF,8,42,44,179
1279121,2025-10-15_16:27:19.656,MSGF,8,43,44,96





1306722,2025-10-15_16:27:48.854,MSGF,9,0,33,228
1308131,2025-10-15_16:27:49.262,MSGF,9,1,33,228
1309539,2025-10-15_16:27:50.671,MSGF,9,2,33,228
1310941,2025-10-15_16:27:52.072,MSGF,9,3,33,228
1312343,2025-10-15_16:27:53.474,MSGF,9,4,33,228
1313745,2025-10-15_16:27:55.876,MSGF,9,5,33,228
1315153,2025-10-15_16:27:56.284,MSGF,9,6,33,228
1316561,2025-10-15_16:27:57.693,MSGF,9,7,33,228
1317963,2025-10-15_16:27:59.094,MSGF,9,8,33,228
1319365,2025-10-15_16:28:00.496,MSGF,9,9,33,228
1320767,2025-10-15_16:28:02.919,MSGF,9,10,33,229
1322195,2025-10-15_16:28:03.347,MSGF,9,11,33,229
1323623,2025-10-15_16:28:04.775,MSGF,9,12,33,229
1325046,2025-10-15_16:28:06.198,MSGF,9,13,33,229
1326468,2025-10-15_16:28:07.620,MSGF,9,14,33,229
1327890,2025-10-15_16:28:09.042,MSGF,9,15,33,229
1329318,2025-10-15_16:28:10.470,MSGF,9,16,33,229
1330746,2025-10-15_16:28:12.898,MSGF,9,17,33,229
1332914,2025-10-15_16:28:14.066,MSGF,9,17,33,229
1334336,2025-10-15_16:28:15.488,MSGF,9,18,33,229
1335758,2025-10-15_16:28:17.910,MSGF,9,19,33,229
1337186,2025-10-15_16:28:18.338,MSGF,9,20,33,229
1338608,2025-10-15_16:28:19.760,MSGF,9,21,33,229
1340036,2025-10-15_16:28:21.188,MSGF,9,22,33,229
1341459,2025-10-15_16:28:22.611,MSGF,9,23,33,229
1342881,2025-10-15_16:28:24.033,MSGF,9,24,33,229
1344309,2025-10-15_16:28:25.461,MSGF,9,25,33,229
1345731,2025-10-15_16:28:27.883,MSGF,9,26,33,229
1347159,2025-10-15_16:28:28.311,MSGF,9,27,33,229
1348582,2025-10-15_16:28:29.734,MSGF,9,28,33,229
1350004,2025-10-15_16:28:31.156,MSGF,9,29,33,229
1351432,2025-10-15_16:28:32.584,MSGF,9,30,33,229
1352854,2025-10-15_16:28:34.006,MSGF,9,31,33,229
1354282,2025-10-15_16:28:35.044,MSGF,9,32,33,146

1398624,2025-10-15_16:29:19.777,MSGF,10,0,33,229
1400047,2025-10-15_16:29:21.199,MSGF,10,1,33,229
1401475,2025-10-15_16:29:22.627,MSGF,10,2,33,229
1402903,2025-10-15_16:29:24.056,MSGF,10,3,33,229
1404326,2025-10-15_16:29:25.478,MSGF,10,4,33,229
1405748,2025-10-15_16:29:27.900,MSGF,10,5,33,229
1407170,2025-10-15_16:29:28.322,MSGF,10,6,33,229
1408598,2025-10-15_16:29:29.750,MSGF,10,7,33,229
1410026,2025-10-15_16:29:31.178,MSGF,10,8,33,229
1411449,2025-10-15_16:29:32.601,MSGF,10,9,33,229
1412871,2025-10-15_16:29:34.023,MSGF,10,10,33,230
1414314,2025-10-15_16:29:35.466,MSGF,10,11,33,230
1415762,2025-10-15_16:29:37.914,MSGF,10,12,33,230
1417210,2025-10-15_16:29:38.362,MSGF,10,13,33,230
1418653,2025-10-15_16:29:40.805,MSGF,10,14,33,230
1420095,2025-10-15_16:29:41.247,MSGF,10,15,33,230
1421538,2025-10-15_16:29:42.690,MSGF,10,16,33,230
1422986,2025-10-15_16:29:44.138,MSGF,10,17,33,230
1424434,2025-10-15_16:29:45.586,MSGF,10,18,33,230
1425877,2025-10-15_16:29:47.029,MSGF,10,19,33,230
1427319,2025-10-15_16:29:48.471,MSGF,10,20,33,230
1428762,2025-10-15_16:29:50.914,MSGF,10,21,33,230
1430210,2025-10-15_16:29:51.362,MSGF,10,22,33,230
1431658,2025-10-15_16:29:53.810,MSGF,10,23,33,230
1433101,2025-10-15_16:29:54.253,MSGF,10,24,33,230
1434543,2025-10-15_16:29:55.695,MSGF,10,25,33,230
1435986,2025-10-15_16:29:57.138,MSGF,10,26,33,230
1437434,2025-10-15_16:29:58.586,MSGF,10,27,33,230
1438882,2025-10-15_16:30:00.034,MSGF,10,28,33,230
1440325,2025-10-15_16:30:01.477,MSGF,10,29,33,230
1441768,2025-10-15_16:30:03.920,MSGF,10,30,33,230
1443211,2025-10-15_16:30:04.363,MSGF,10,31,33,230
1444660,2025-10-15_16:30:05.421,MSGF,10,32,33,147

1464901,2025-10-15_16:30:26.054,MSGF,11,0,33,229
1466324,2025-10-15_16:30:27.476,MSGF,11,1,33,229
1467746,2025-10-15_16:30:29.898,MSGF,11,2,33,229
1469168,2025-10-15_16:30:30.320,MSGF,11,3,33,229
1470602,2025-10-15_16:30:31.754,MSGF,11,4,33,229
1472024,2025-10-15_16:30:33.176,MSGF,11,5,33,229
1473446,2025-10-15_16:30:34.598,MSGF,11,6,33,229
1474867,2025-10-15_16:30:36.019,MSGF,11,7,33,229
1476289,2025-10-15_16:30:37.441,MSGF,11,8,33,229
1478457,2025-10-15_16:30:39.609,MSGF,11,8,33,229
1479885,2025-10-15_16:30:41.037,MSGF,11,9,33,229
1481307,2025-10-15_16:30:42.459,MSGF,11,10,33,230
1482750,2025-10-15_16:30:44.902,MSGF,11,11,33,230
1484193,2025-10-15_16:30:45.345,MSGF,11,12,33,230
1485642,2025-10-15_16:30:46.794,MSGF,11,13,33,230
1487090,2025-10-15_16:30:48.243,MSGF,11,14,33,230
1488533,2025-10-15_16:30:49.685,MSGF,11,15,33,230
1489976,2025-10-15_16:30:51.128,MSGF,11,16,33,230
1491419,2025-10-15_16:30:52.571,MSGF,11,17,33,230
1492868,2025-10-15_16:30:54.020,MSGF,11,18,33,230
1494314,2025-10-15_16:30:55.467,MSGF,11,19,33,230
1495757,2025-10-15_16:30:57.909,MSGF,11,20,33,230
1497200,2025-10-15_16:30:58.352,MSGF,11,21,33,230
1498643,2025-10-15_16:31:00.795,MSGF,11,22,33,230
1500092,2025-10-15_16:31:01.244,MSGF,11,23,33,230
1501541,2025-10-15_16:31:02.693,MSGF,11,24,33,230
1502984,2025-10-15_16:31:04.136,MSGF,11,25,33,230
1504427,2025-10-15_16:31:05.579,MSGF,11,26,33,230
1505870,2025-10-15_16:31:07.022,MSGF,11,27,33,230
1507319,2025-10-15_16:31:08.471,MSGF,11,28,33,230
1508768,2025-10-15_16:31:10.920,MSGF,11,29,33,230
1510211,2025-10-15_16:31:11.363,MSGF,11,30,33,230
1511654,2025-10-15_16:31:13.806,MSGF,11,31,33,230
1513097,2025-10-15_16:31:14.858,MSGF,11,32,33,147